0.0 -0.0 8.0
0.0 2.44 8.0
7.32 2.44 7.96
7.32 -0.0 7.96
0.0 0.0 0.0
0.1 0.8 1.61
0.26 1.19 2.4
0.36 1.51 3.02
0.48 1.69 3.52
0.45 1.86 3.97
0.55 1.97 4.33
0.56 2.07 4.61
0.59 2.11 4.95
0.63 2.15 5.2
0.59 2.19 5.43
0.72 2.16 5.67
0.75 2.17 5.88
0.8 2.13 6.09
0.74 2.16 6.29
0.79 2.07 6.47
0.83 1.98 6.68
0.83 1.95 6.83
0.84 1.84 6.98
0.91 1.73 7.11
0.86 1.64 7.29
0.93 1.5 7.41
0.97 1.37 7.58
0.99 1.19 7.63
0.94 1.07 7.76
0.96 0.91 7.85
0.97 0.74 7.94
1.01 0.55 8.01
1.04 0.37 8.15
1.01 0.21 8.21
1.13 -0.02 8.27
