104.415791132 233.571472433
52.2215451649 116.816269499
40.6964982104 91.0354737228
31.5204841464 70.5093148654
28.1240085357 62.9116153138
22.5897893952 50.5319196817
16.900234205 37.8047472028
19.8723143032 44.453101031
15.164793858 33.9226777113
13.6298989811 30.4892156598
15.854446205 35.4653860738
12.2942760987 27.5015123645
12.6214151118 28.2333014948
12.4124054304 27.7657601534
11.7025441028 26.1778455888
13.692912423 30.6301727148
8.84309075842 19.7814306333
10.8717748326 24.3194676596
10.5345865241 23.5651988959
12.0132254722 26.8728200188
11.5786931906 25.9007989888
12.5773795567 28.1347967635
10.8182539195 24.199744787
10.6789620252 23.8881576937
10.6380030276 23.7965350255
11.1170010087 24.8680229924
12.4058653512 27.751130413
13.1465684014 29.4080359461
9.73348170055 21.773178444
15.0821902231 33.7378986428
