0.0 -0.0 8.34
0.24 2.4 8.41
7.67 2.41 8.35
7.25 -0.0 8.24
0.0 0.0 0.0
0.24 0.81 1.73
0.37 1.17 2.46
0.37 1.41 3.11
0.52 1.64 3.61
0.59 1.78 4.0
0.67 1.9 4.43
0.76 1.99 4.76
0.77 2.08 5.11
0.86 2.11 5.38
0.88 2.18 5.64
0.9 2.18 5.87
0.93 2.13 6.08
0.93 2.12 6.34
0.96 2.08 6.58
0.97 2.05 6.77
1.01 1.98 6.9
1.05 1.9 7.14
1.02 1.85 7.28
1.0 1.74 7.41
0.98 1.58 7.59
1.13 1.43 7.72
1.0 1.32 7.87
1.03 1.2 7.98
1.05 1.06 8.17
1.07 0.91 8.22
1.05 0.71 8.34
1.09 0.53 8.43
1.05 0.31 8.52
1.05 0.16 8.61
1.09 0.0 8.62
