111.640336416 249.732319958
48.0993840056 107.595257609
39.7478981438 88.913515809
33.2755730629 74.435336955
24.5504864313 54.9178740353
26.2759599239 58.7776483084
20.7553014352 46.4282869902
20.5353054793 45.9361700529
16.4803004641 36.8653821782
16.2627806035 36.3788041082
13.2444013435 29.6268820046
12.6547006487 28.3077591201
14.6148180553 32.6924168797
14.6079689502 32.6770958679
11.3125198805 25.305386252
8.70395099324 19.4701838432
14.5686498587 32.5891415653
9.04212561732 20.2266589321
10.0683759639 22.522315575
13.8570428186 30.9973219529
13.9687787101 31.2472680236
13.4176276356 30.0143781837
9.62102556031 21.5216212229
13.6066761771 30.4372677267
9.06135430101 20.2696722725
13.6851656377 30.6128436495
11.5784010091 25.9001453973
14.2386566803 31.8509678489
10.1605917026 22.7285963074
9.41015855408 21.0499251643
