-0.0 0.0 7.6
-0.05 2.39 7.89
7.1 2.51 9.16
6.95 0.0 8.5
0.0 0.0 0.0
0.3 0.77 1.64
0.43 1.14 2.46
0.51 1.41 3.08
0.57 1.61 3.59
0.62 1.77 4.02
0.66 1.9 4.39
0.69 1.99 4.72
0.72 2.06 5.02
0.74 2.11 5.3
0.76 2.14 5.54
0.77 2.15 5.77
0.78 2.14 5.98
0.79 2.12 6.18
0.79 2.09 6.36
0.8 2.03 6.52
0.8 1.97 6.68
0.81 1.89 6.82
0.81 1.8 6.95
0.82 1.7 7.08
0.83 1.59 7.19
0.84 1.47 7.3
0.85 1.34 7.4
0.86 1.19 7.49
0.87 1.04 7.58
0.88 0.88 7.66
0.89 0.72 7.74
0.91 0.54 7.81
0.92 0.36 7.88
0.94 0.18 7.95
0.95 -0.01 8.01
