106.834154348 238.981196871
52.5737339237 117.604093315
39.3473975755 88.0176215538
31.7903876079 71.1130717133
26.7204286688 59.7718965737
23.0215514921 51.4977439849
20.1787901131 45.1386678924
17.9172394032 40.0797230375
16.075452981 35.9597641513
14.5526792733 32.5534163831
13.2847002021 29.717027984
12.2288866578 27.3552403512
11.3576246228 25.406282687
10.6526687447 23.8293413003
10.1022281039 22.5980406555
9.69682579128 21.6911815103
9.42713485437 21.0879000665
9.28237659808 20.7640850697
9.24884521498 20.689077502
9.30989751353 20.8256476042
9.44747037903 21.1333893396
9.64292387242 21.5706063519
9.87930472364 22.0993752563
10.1407462533 22.6842033016
10.4148739205 23.2974094286
10.6915462907 23.9163078938
10.9630092753 24.5235532954
11.2241225822 25.1076471276
11.4710422092 25.6599906019
11.701760855 26.1760935133
