35 1.6 1.31239345155 17.4588653211 0.278847459943
35 1.6 1.28845688394 17.4627086985 0.310756857896
35 1.6 1.54369826602 17.4700845188 0.308200134416
35 1.6 1.25009952284 17.4535800618 0.274344510303
35 1.6 1.29275931998 17.4413348007 0.300905860142
35 1.6 1.18771769865 17.4464793519 0.297568713513
35 1.6 1.32827750372 17.4646400797 0.29131045062
35 1.6 1.18755546236 17.4699209809 0.319645462296
35 1.6 1.41721382396 17.448141081 0.316202940936
35 1.6 1.19457463607 17.4545850479 0.285488716668
35 1.6 1.32457373389 17.4408093488 0.284661461376
35 1.6 1.26766089058 17.4609363189 0.326774705015
35 1.6 1.24104594016 17.4615408885 0.308603177093
35 1.6 1.16451361137 17.4724262528 0.315019104721
35 1.6 1.27308083356 17.4412845613 0.309185791757
35 1.6 1.2131972958 17.4606130461 0.290484914069
35 1.6 1.35169588373 17.4665457601 0.284519867674
35 1.6 1.47550095641 17.430840885 0.292983253177
35 1.6 1.18785473435 17.4702570333 0.292338461245
35 1.6 1.31257127353 17.4514356461 0.312848459812
35 1.6 1.29271153116 17.4747261095 0.305232558673
35 1.6 1.18290178492 17.44312542 0.300789369617
35 1.6 1.2902947037 17.464426906 0.326913575948
35 1.6 1.32871079353 17.4488339623 0.291586959128
35 1.6 1.21161564803 17.4638024386 0.314337135897
35 1.6 1.27230698881 17.4593627295 0.293302847357
35 1.6 1.37390985229 17.4626504376 0.273867278707
35 1.6 1.27979724892 17.4689766533 0.331777339388
35 1.6 1.13866280621 17.4597047451 0.31210647915
35 1.6 1.38281142813 17.4484014809 0.301383263454
35 1.6 1.35093458545 17.4645368218 0.311541100294
35 1.6 1.2490774273 17.4490311779 0.300165163614
35 1.6 1.2810623007 17.4628466537 0.29271910331
35 1.6 1.361486706 17.4640582391 0.297462641822
35 1.6 1.21075287628 17.459002845 0.277277761567
35 1.6 1.27729683159 17.4509533566 0.305089101177
35 1.6 1.276587152 17.4504443024 0.266219039915
35 1.6 1.33634951434 17.4386481782 0.324757218157
35 1.6 1.24975892841 17.4597302329 0.299783008408
35 1.6 1.1943736354 17.4537185501 0.331667645223
35 1.6 1.2186782965 17.457715884 0.310112461529
35 1.6 1.32533757304 17.4649081197 0.33023275177
35 1.6 1.11091121169 17.4606727653 0.321641539247
35 1.6 1.43932573011 17.4621061929 0.298323725127
35 1.6 1.37474360711 17.4580210137 0.292223881189
35 1.6 1.29223761735 17.4577864242 0.302981250431
35 1.6 1.29260004471 17.4576447692 0.303021682599
35 1.6 1.28074363543 17.4765792942 0.321702863053
35 1.6 1.44416588967 17.4620569161 0.33948874636
35 1.6 1.09738105795 17.4513420668 0.29761950861
35 1.6 1.16291494035 17.4623546101 0.310293967029
35 1.6 1.29328403487 17.4528549302 0.31642969132
35 1.6 1.33615659355 17.4535361508 0.308176612453
35 1.6 1.32055523045 17.4520223256 0.307679814417
35 1.6 1.30753511668 17.482417201 0.31529483372
35 1.6 1.25611594732 17.4607245561 0.318203118078
35 1.6 1.20945440949 17.4764654011 0.297529145775
35 1.6 1.2428466711 17.4427121857 0.275505195902
35 1.6 1.36187563493 17.4479895609 0.301128282976
35 1.6 1.2174697085 17.4506331642 0.303518984324
35 1.6 1.24967496805 17.460352519 0.314570742481
35 1.6 1.33502068993 17.4449215482 0.296343944882
35 1.6 1.15020651876 17.4748380182 0.310121636666
35 1.6 1.27793993931 17.4627309063 0.314939484434
35 1.6 1.25914842318 17.43190457 0.280313678797
35 1.6 1.13524063294 17.4511729414 0.281207515867
35 1.6 1.3075061015 17.4668847389 0.300524602453
35 1.6 1.20522980024 17.4484636553 0.307892053058
35 1.6 1.35824099844 17.4785327386 0.297408298503
35 1.6 1.33788771968 17.4432976671 0.294164897606
35 1.6 1.30354556374 17.4518919817 0.285482206352
35 1.6 1.04822900694 17.4457135407 0.296556367011
35 1.6 1.33148682772 17.4766170075 0.297122150927
35 1.6 1.16873421224 17.4539991456 0.304480838156
35 1.6 1.25023994824 17.4810073859 0.311976243868
35 1.6 1.15810454531 17.4715798259 0.329792701835
35 1.6 1.26913832727 17.4748148333 0.294856704565
35 1.6 1.29421683749 17.4621058061 0.282830511252
35 1.6 1.36646218271 17.4560770125 0.271385646963
35 1.6 1.49921077464 17.4685150807 0.319639011779
35 1.6 1.25916254317 17.463389352 0.299867776395
35 1.6 1.41306773403 17.4840937026 0.350726694292
35 1.6 1.41155690611 17.4726228332 0.316008152406
35 1.6 1.30915822339 17.4700349169 0.308154890688
35 1.6 1.37255063282 17.4449025689 0.304847698357
35 1.6 1.24845864045 17.4523091185 0.295306510781
35 1.6 1.37374569204 17.4625829441 0.292907932838
35 1.6 1.18277919651 17.4544156212 0.310313492614
35 1.6 1.23438337694 17.4435483103 0.301415404703
35 1.6 1.22097877417 17.4510871411 0.314768238425
35 1.6 1.47868760681 17.440982617 0.309278052869
35 1.6 1.11488355671 17.4395479717 0.288559766587
35 1.6 1.24543336758 17.4528232154 0.303270576611
35 1.6 1.2978292209 17.4336151079 0.304157636952
35 1.6 1.16997438245 17.4720695628 0.340010923465
35 1.6 1.12753333021 17.4635080914 0.291980230676
35 1.6 1.1543900404 17.4622332718 0.314816262998
35 1.6 1.25125485888 17.4780184449 0.291779094835
35 1.6 1.27262546009 17.4656554545 0.299469944721
35 1.6 1.34467210776 17.4493662501 0.293861555772
