0.0 -0.0 8.35
0.24 2.4 8.41
7.67 2.41 8.37
7.25 -0.0 8.26
0.0 0.0 0.0
0.23 0.79 1.66
0.36 1.16 2.47
0.47 1.42 3.09
0.55 1.63 3.61
0.62 1.78 4.04
0.67 1.9 4.42
0.74 2.0 4.76
0.8 2.06 5.07
0.84 2.11 5.37
0.86 2.14 5.64
0.93 2.15 5.87
0.95 2.13 6.12
0.96 2.12 6.34
0.98 2.08 6.57
1.01 2.03 6.75
1.02 1.96 6.95
1.03 1.87 7.12
1.05 1.8 7.3
1.05 1.7 7.48
1.04 1.59 7.61
1.05 1.46 7.76
1.05 1.32 7.88
1.05 1.2 8.01
1.05 1.05 8.13
1.04 0.88 8.23
1.03 0.72 8.33
1.02 0.54 8.43
1.02 0.36 8.5
1.04 0.18 8.6
1.03 -0.02 8.64
