107.230758175 239.868374365
52.5232655086 117.491198685
39.4258989421 88.1932241094
32.7744266072 73.3143042615
26.8375867469 60.0339717302
23.2998221105 52.1202176296
21.0106853742 46.9995645914
18.6890224008 41.8061524331
17.5722832523 39.3080781053
15.945206091 35.6684101566
13.9792746696 31.2707468164
14.3458145846 32.0906732539
13.0385539681 29.1664145403
13.1771042151 29.4763426158
11.3220814842 25.3267749503
11.934531981 26.6967876925
11.5935243242 25.9339752897
11.2337045075 25.1290812839
11.8053451713 26.4078050297
10.0259057957 22.4273125145
11.3663401412 25.4257787464
10.7728732213 24.0982310564
10.4777995922 23.4381701472
11.1443932524 24.9292976964
11.1295761579 24.8961527998
11.1958216699 25.0443397897
12.1131693405 27.0963880847
10.9652308034 24.5285227123
11.7447654768 26.2722921126
11.8758347011 26.5654856169
