35 2.6 1.95505899899 2.67724033801 1.96376009961 87.055141388 69.2170351121 4.95265984757 2.11899547421
35 2.6 2.08453622295 2.80942855208 2.02180390825 96.9340277864 49.8482434818 1.97671747765 0.668540010162
35 2.6 1.93437277248 5.52971114589 8.09605332056 133.031058705 87.4165188288 2.09700501909 1.20994655083
35 2.6 1.84444714219 4.71457529493 7.21103438487 124.339781643 65.1698138422 1.56600013357 0.719948625073
35 2.6 2.08549028613 4.67804543764 7.07599234054 77.4429732394 59.4152441829 1.18977216379 0.708343362055
35 2.6 2.26109357498 2.92607595293 2.23221994386 64.8013203827 37.0768645424 1.28786870989 0.538932717819
35 2.6 2.10738826414 4.66318290848 6.29517047025 75.4192235174 42.6827248476 1.09698890229 0.688726926714
35 2.6 2.07540376422 2.39209705796 2.21167516205 6.35567187971 6.43459843458 0.308231633024 0.188488658076
35 2.6 2.29964838769 4.07621437197 4.01125280626 125.569637171 69.5585060396 2.50411472158 0.95524867827
35 2.6 2.04614694134 2.46158329722 2.08415011822 128.286877069 64.0914388342 2.34678035881 0.750057774457
35 2.6 2.22246053823 11.6445816429 37.2467685179 236.766476246 578.976551038 4.55016248569 2.41574711411
35 2.6 2.25400243733 7.20509633564 13.893903827 485.933829875 498.159991482 4.58371996633 1.46758024532
35 2.6 2.15912618112 3.34065148918 2.86121546183 55.8811336976 28.3771990385 0.919178051285 0.381224005011
35 2.6 2.3601478189 3.76649052254 3.03765368795 135.732230819 110.797249024 1.17711559125 0.513325301296
35 2.6 2.22071813645 3.04120111229 2.14757581264 180.484447976 156.908324893 5.83051439813 2.0930672482
35 2.6 1.93125193849 2.36044839587 1.9869997439 59.1395626162 30.399622622 0.732523772027 0.317708243141
35 2.6 2.18358490077 8.54406559618 20.8101304881 428.990765332 923.229795041 5.42970495986 2.11105527276
35 2.6 2.02855268309 4.54243767004 8.26316048091 32.682660224 26.3887510146 0.940498685428 0.739299749987
35 2.6 1.80174146424 5.00527953273 6.05500869875 212.863287408 147.442766867 18.9954232642 33.7699797983
35 2.6 2.04718562727 4.59380294983 7.3339938586 190.028650792 84.3463269582 2.25655597049 0.818549893591
35 2.6 1.86125311627 4.21379981012 5.24033402355 12.9818558653 13.1837627475 1.82884895106 2.05189041641
35 2.6 2.16624297811 7.91039929117 17.7197981825 39.0821206836 39.3843796831 35 2.6 2.0766717866 3.38448417598 2.41290877413 137.7740101 120.62954704 1.82848169561 0.489078270379
35 2.6 2.25957367226 3.67456635359 3.38712761594 115.678108415 102.31272776 1.82922391694 0.509650815819
35 2.6 1.9933201135 4.11505153119 4.67781438148 70.4127001258 47.5056656907 4.75788626789 2.40819289088
35 2.6 1.92803483436 4.37984032517 6.97153554125 48.9264092484 47.7879811213 1.34186037115 0.622324603643
35 2.6 1.75066366286 2.79783906831 2.7750636783 15.9283898549 14.8577688583 0.662411000567 0.483531590529
35 2.6 1.996482633 3.75907122312 6.22819551876 107.361778714 87.147796187 1.5591199601 0.942100091414
35 2.6 1.84700040806 4.60029252365 7.9326216984 116.536273379 66.5856823101 1.43094365215 0.788602474934
35 2.6 1.94081665864 3.30381758322 3.82187117836 36.415758955 31.7555914029 4.27404973109 2.41531006557
35 2.6 1.98416743738 4.17024875593 5.74314526667 99.4386769234 75.6712102835 1.93446932533 1.18011035706
35 2.6 1.88057630669 2.65070449805 2.84341799621 13.048021468 8.20477249607 0.510802591816 0.264638064435
35 2.6 2.27334252308 2.36936549504 1.91800763507 124.143797579 63.7666576889 2.38334482501 0.790966874548
35 2.6 1.90082564417 2.82477450727 1.91013540318 40.7383897408 28.1168626533 0.490726133347 0.196860053728
35 2.6 2.42298267422 4.00115736762 3.18939264864 57.1550832289 46.6500842963 0.920690661885 0.368856372402
35 2.6 1.91946569921 2.77942677348 2.14836323302 108.275804253 93.2864669713 3.97195386115 1.99831374974
35 2.6 1.65556381502 3.89212715325 4.842751697 30.6863629914 35.2803029762 1.40865940878 0.606216835508
35 2.6 2.0187429898 3.10331627879 3.28907095189 52.2445444076 36.9175098368 0.923587667574 0.525942752149
35 2.6 2.16038859408 6.03304980175 11.9833003014 29.384539488 31.9743893817 1.6899950666 1.02778577418
35 2.6 1.86747557724 3.02518263791 2.45867965446 118.073771353 98.4923822074 1.43046042736 0.407255623007
35 2.6 2.2387870005 6.15259054523 11.0165579587 486.821973486 505.824727484 4.54635238421 1.46146286194
35 2.6 2.02119051244 2.96086235839 2.47911749698 164.490083375 150.899344393 2.17208620158 1.46918858152
35 2.6 1.86905100707 3.30913528821 2.6047673808 13.376168599 12.2414619904 0.614697264758 0.511549564477
35 2.6 2.13535735279 10.3193873255 27.0774533125 166.233372527 279.558584803 3.44536214129 1.25250902384
35 2.6 2.31105572371 2.67414646959 2.18945546415 53.0483454081 31.9467956425 1.41106264741 0.481146581534
35 2.6 2.22079492 8.61299937772 20.2499864518 63.1677313379 67.8301550398 2.12544830506 1.02293559309
35 2.6 1.85006356951 2.19449768087 2.38342299328 102.273905513 83.0606262833 1.11570044302 0.403407033416
35 2.6 2.10247248563 3.21917914625 2.69634955079 49.603111856 28.3849032583 0.789929200285 0.43195144638
35 2.6 1.87176719262 3.24991923546 3.96554438377 16.8042776768 18.1523285209 0.611992092056 0.365359949054
35 2.6 2.03495298715 3.87013633975 3.97214310982 183.041679262 86.5123768913 3.2736716523 1.1082950633
35 2.6 1.79547897454 3.81958478876 7.29228346777 40.9049447247 33.8100759398 0.988151737059 0.779421486554
35 2.6 2.04505852601 5.43447459068 10.0339663762 66.8994132663 48.8243599719 1.56686991817 1.04485430775
35 2.6 2.33982174665 2.78879598859 2.05301564833 36.0778171542 28.455948902 0.652552661658 0.351840059939
35 2.6 2.01639821038 3.06190468618 2.34627634039 134.420837145 112.466680416 1.25381922211 0.543154816034
35 2.6 2.03452175659 2.33423112527 2.49300914587 217.492308822 191.10944005 1.49214136242 0.821587392991
35 2.6 1.85680029426 3.28774226516 2.29326410378 141.482617308 62.7059797803 2.15786161839 0.705703844647
35 2.6 2.23739585844 6.313881531 12.1795149988 226.674211339 139.538918085 3.12438806357 1.73350453005
35 2.6 2.20249410821 3.52742980572 3.01547699919 130.620985064 66.2189370046 2.24232399975 0.755199152737
35 2.6 2.15043815672 3.62117811481 3.02714995267 100.947990153 53.096275177 1.55957724008 0.663462790245
35 2.6 1.81789798448 3.14833237279 2.76252021304 36.0768823741 24.7821456328 0.402442514978 0.310908893598
35 2.6 2.09675582975 4.27337691317 6.32214468097 34.6778298633 35.6885778467 1.58932622093 0.887753213687
35 2.6 2.02505487955 4.17657166365 6.64573103937 39.5430828057 39.7329717553 1.29439347631 1.59860398108
35 2.6 2.24711277349 4.51156878693 6.8337944059 107.604223638 101.679045828 2.36895508251 0.906689536933
35 2.6 2.06240671007 2.81495247576 2.07141553601 364.232631659 407.626716282 2.78740886421 0.875052799773
35 2.6 2.36515590466 7.29078454363 16.1040532228 127.423508614 144.544738197 2.44421447855 0.870886557845
35 2.6 2.19268454884 3.74449121153 4.55819413864 108.113873545 91.5835084918 2.14037362625 1.58297222927
35 2.6 2.15153952158 5.31287905227 9.07127060239 41.391284077 47.1861823547 1.65024529735 0.822318298491
35 2.6 2.06753594963 3.40462236175 4.15378406288 163.136080952 69.5966390389 2.53141298004 0.816763065461
35 2.6 2.26130493102 3.06561062209 2.36732339215 49.2102876324 28.8633214716 0.836491297806 0.313430421184
35 2.6 2.14297124465 4.73403092569 7.09263634167 25.2231561946 27.1878914559 0.79747720306 0.433201493965
35 2.6 2.11202205519 7.69043885138 20.5625398797 126.33969934 77.6891763122 1.11974129892 0.784035047502
35 2.6 2.05899795586 4.24528404876 5.06888682366 129.99373403 82.6622952739 5.7665835121 2.39825916311
35 2.6 2.07005407302 4.84114441521 7.69160523238 66.1989492865 64.9342697736 1.65919945359 0.719245774242
35 2.6 2.02073112248 3.94916262436 4.30463558032 118.226524069 74.580539646 5.51630724036 2.4314217633
35 2.6 2.10518494769 5.64854348318 9.89408104935 31.2320431685 28.4878591069 1.65828541523 1.43318630397
35 2.6 2.10598495705 4.45235703946 7.01658277345 35.2753710974 27.1422220095 0.918749954278 0.690919353365
35 2.6 1.9634684297 2.33973579307 1.90715099969 138.556912766 62.923940548 2.25278344289 0.720883537907
35 2.6 1.82478519154 3.22685097168 3.74813390659 20.8904900259 16.3852742384 0.961715577728 0.714730108998
35 2.6 2.18840109564 3.99829780347 4.95585279756 118.058964826 106.461373367 2.47855855157 0.807846908741
35 2.6 2.11441181219 6.63332729093 12.9218773148 43.652110072 52.1743666666 1.90968551843 1.06297293826
35 2.6 2.22220505091 3.75011181943 3.59754661135 40.666830027 37.2439026538 3.64470063707 2.27487251791
35 2.6 1.96525941213 4.73523110478 8.47470585816 61.375155813 47.258912079 4.5505583746 2.43511662016
35 2.6 2.30824597223 5.7278504627 9.20348076741 160.779204746 107.609266075 2.66466957956 1.36189464764
35 2.6 2.32875634316 5.10408722076 6.76902462137 41.247603461 38.5071151021 1.0600819089 0.429558708679
35 2.6 2.34186465763 4.68741866047 4.89279285682 1763.77331309 2689.59695017 5.59501817984 1.94720862951
35 2.6 2.21352954188 5.05148261651 7.68738769624 205.162009305 241.37958166 2.88960505657 0.794068791926
35 2.6 2.06905598021 4.38429878665 8.0270580866 117.745916047 115.526342587 2.1200365075 0.61886038592
35 2.6 1.97066938899 2.7222494592 1.78444262984 306.093766486 319.99623422 6.76266885194 2.42243054849
35 2.6 2.24264098062 2.81755157415 2.59108246126 108.159234025 82.9831788848 0.965607187723 0.40462615483
35 2.6 2.04740444478 4.5094837739 4.15224455498 126.547119912 107.762004587 2.14121610048 1.47258091746
35 2.6 2.03427825401 4.60260774222 6.12558259685 759.662866369 678.194243677 5.1494472873 1.77048317522
35 2.6 2.0507344335 3.41731041707 3.66152479072 10.3894794884 10.897006071 2.04611147494 2.22602860847
35 2.6 1.94763275549 2.95879774987 3.36435488522 85.9743899266 44.2018081681 1.01369204223 0.5576691796
35 2.6 1.92225543613 3.25470362663 3.37759337086 197.575822221 190.002824453 2.29314570993 0.676132350064
35 2.6 2.2397471097 3.78864268186 3.94326455811 4.64050931497 4.02003691844 0.308269797386 0.156323942841
35 2.6 1.87520908134 6.7291659625 12.5934952344 32.7948580423 39.2914811154 1.78751676027 1.02487100008
35 2.6 2.01254092311 3.57307199424 4.67980436699 508.97368011 654.622123868 4.25660219223 1.40361363903
35 2.6 1.86826354948 2.59198222869 2.0639178082 67.9620572297 44.9535028048 7.79104632727 4.9910996806
35 2.6 2.15797767299 9.90950609123 30.296372052 109.91142881 84.7232533698 2.83437504408 1.69957053385
