-0.0 0.0 8.0
-0.0 2.44 8.0
7.32 2.44 8.04
7.32 0.0 8.04
0.0 0.0 0.0
0.28 0.86 1.58
0.46 1.18 2.32
0.44 1.45 3.04
0.41 1.68 3.53
0.49 1.8 3.95
0.56 2.01 4.32
0.59 2.09 4.65
0.6 2.15 5.0
0.68 2.1 5.24
0.77 2.23 5.48
0.82 2.23 5.69
0.73 2.25 5.93
0.8 2.19 6.08
0.87 2.14 6.33
0.8 2.07 6.39
0.81 2.03 6.71
0.9 2.01 6.78
0.94 1.83 7.04
0.91 1.76 7.23
0.96 1.63 7.35
0.98 1.48 7.41
0.91 1.44 7.56
0.91 1.21 7.63
1.0 1.02 7.8
1.0 0.9 7.84
0.92 0.64 7.98
1.02 0.59 8.0
0.97 0.44 8.17
1.04 0.1 8.24
1.02 -0.0 8.35
