105.603557025 236.228429063
47.636432 106.559663467
44.6793574741 99.9448761477
31.812145513 71.1617427609
25.5887041919 57.2403010209
24.6681371575 55.1810512143
20.141650961 45.0555899752
20.2818214457 45.3691424192
14.9975267784 33.5485119108
17.0448248403 38.1281872419
12.4323614039 27.8104003948
14.651018524 32.7733950217
10.6080722459 23.7295817739
15.1797529932 33.9561403438
6.67327063872 14.9276812647
18.5832047035 41.5694449857
6.34685654118 14.1975137244
18.7536715968 41.9507685657
11.9686343808 26.7730725882
10.2517352117 22.9324785306
9.54112505177 21.3428888757
10.0323592884 22.4417485666
13.8616786838 31.0076920881
15.5915793446 34.8773696543
7.43320231986 16.6276000202
17.5776094983 39.3199925781
6.34817211684 14.2004565833
13.3118776588 29.777822223
20.8122124255 46.5555932498
8.51302136666 19.0430864326
