35 1.8 1.26216409051 2.22410225873 2.63471764282 82.5576356221 64.3394216776 4.51403957012 2.04995871533
35 1.8 1.44294523299 2.01816561849 1.4935253522 22.1763055675 14.5604492536 0.484790654587 0.18135172205
35 1.8 1.58864599441 1.85484902513 1.59943010543 10.1919936604 9.49549385793 0.191966605703 0.163142970474
35 1.8 1.37214591892 5.21900183265 13.600537059 90.7001298179 69.204848383 5.13830898487 1.98846017971
35 1.8 1.47371549618 4.09023335984 7.04874659405 154.251414271 159.787827791 2.51763093283 0.749831291966
35 1.8 1.47288630241 2.25911526183 2.64025368799 167.15031143 79.4886924758 2.91582201014 0.975356720635
35 1.8 1.36823878102 1.93510142291 1.76102228625 4.12573564204 4.53224922203 0.207252338437 0.255033195184
35 1.8 1.37126612396 1.83247602155 1.3465006678 42.7402901526 30.2592537251 0.475392556348 0.280018974943
35 1.8 1.46692610646 3.26540514058 4.27178342552 60.2485142265 44.3937792995 3.87453255074 2.25806093001
35 1.8 1.47513011211 1.87473098369 1.03841508079 67.947650646 50.5363439571 0.641701216216 0.367438211031
35 1.8 1.34161284299 4.88138656483 8.68800083597 62.5093723602 52.770441673 1.06515777707 1.47076116013
35 1.8 1.43398495349 1.75363127972 1.58291562606 146.191669374 123.275511801 1.47974783761 0.528836593702
35 1.8 1.40453731304 3.12863167772 3.99088341533 16.0197584307 15.5527290178 0.527628827479 0.420604340931
35 1.8 1.50858086136 2.95517134419 3.17918377112 80.6899335135 48.7663080494 1.50286560482 0.639627861382
35 1.8 1.29441091219 1.73046729732 1.21264378714 23.5196842835 16.337067797 0.299816033233 0.215929823682
35 1.8 1.46617587114 2.17257705029 1.8232620801 73.4179400025 40.5156662359 1.43064374059 0.498425946562
35 1.8 1.36028253076 4.16655237882 6.52737200067 13.379547241 11.3482393121 0.952898467983 0.393645776722
35 1.8 1.37951971476 5.87919798328 13.038824247 83.2962549931 78.7602985801 6.09516804743 2.27175911159
35 1.8 1.42383689556 3.42417741037 5.36950410322 63.0989131458 49.3946839869 3.36447907621 2.09074057155
35 1.8 1.62750115847 3.15707072213 3.76936250251 109.049505944 94.6429463816 1.60225146739 0.425391227442
35 1.8 1.5917985321 3.35335295544 3.88563174681 61.3544176817 53.6122957378 1.2891612488 0.446721443793
35 1.8 1.5085062708 3.81296840086 6.75881559007 98.8249088465 91.8555133631 2.09042603176 0.727684161051
35 1.8 1.50004385165 4.47039420017 9.08477719139 37.8263964348 33.5413029289 1.13957262897 0.867955766032
35 1.8 1.44814537711 2.95877127639 2.84659662828 117.839698728 72.4729786474 14.4333149661 15.8004536376
35 1.8 1.32043661623 3.55426451518 5.63524582195 15.864456447 13.8396791026 0.849963194313 0.618296156781
35 1.8 1.39861025948 1.64138047709 1.10599600289 88.5688722421 43.5219366981 1.35997760273 0.487470391557
35 1.8 1.62519767419 2.32485033159 1.74733115068 14.0178805164 13.609950949 0.505599720318 0.36889780613
35 1.8 1.57275145376 3.00512715276 3.33807498953 9.4964285841 8.7618325905 0.421712688414 0.278275488748
35 1.8 1.38020136664 3.5693465121 6.34372447292 31.3717456132 27.8186285708 0.888029371089 0.72000253376
35 1.8 1.48755073293 2.46719455916 2.46534849854 33.5290932907 21.0131517813 0.591650780073 0.407731147383
35 1.8 1.38799004972 2.03713327968 1.78531520097 136.631388032 111.903482799 1.07574277637 0.508660761911
35 1.8 1.20234231088 1.45370400868 0.985866299034 16.3626139452 13.7295665283 0.52293929316 0.302494381337
35 1.8 1.42831189582 2.7662914672 3.37061661635 40.0976558402 32.362654107 1.76744765449 1.89588150282
35 1.8 1.36614807316 3.63448609998 4.93428376771 15.0176784505 15.060482461 0.755128706347 0.592714304614
35 1.8 1.36590726257 2.17048494367 2.57339492002 48.9904697203 34.3075498269 0.698748806438 0.341525398887
35 1.8 1.41094869914 3.57123252336 6.64928064976 28.7313568059 21.2914223431 0.807008360365 0.620255006369
35 1.8 1.45361659765 2.44971201384 2.08351680456 49.9151483968 38.5799224806 0.652675085887 0.306256866597
35 1.8 1.3075240808 1.91764350916 1.55650996301 31.5883168306 22.5907014863 0.326882315485 0.257013647522
35 1.8 1.47794101477 2.71069726101 2.85027815942 14.7900397964 14.3274952467 0.630902922125 0.44919417953
35 1.8 1.48537460462 2.97780850096 3.64022418141 4.42054561482 4.40678306533 0.319635817554 0.192800404297
35 1.8 1.47396721633 2.53380639647 3.1542068367 117.890190828 77.7895507734 14.44749958 13.7957110776
35 1.8 1.50849834264 3.33705791563 5.62870103637 41.4578034672 31.1786708931 0.827772909451 0.625061600718
35 1.8 1.38003296821 3.15198080307 4.72240623042 8.15153493022 8.60875131616 0.389869555614 0.214675967233
35 1.8 1.34474253575 3.03217766671 3.73851500707 114.634430536 93.180455615 4.17589278204 1.89311619797
35 1.8 1.47710297103 2.70434158264 2.59720940179 14.4463447146 14.2321723105 0.634163828712 0.543415789944
35 1.8 1.56860897172 4.10227304336 7.79425487934 54.3808793188 55.7496290786 1.537150564 1.04585945169
35 1.8 1.43839388534 1.70237178884 1.30033872348 52.6223766581 29.7722751726 0.99818415833 0.356082761846
35 1.8 1.56516235547 2.59139450088 2.13408205836 64.3637597502 47.1474790119 0.663336170777 0.286941560786
35 1.8 1.26020027725 1.90091661496 1.41079563337 8.49326737154 8.30388098428 0.35766653476 0.302728045785
35 1.8 1.36971677813 4.2992243536 8.46777386171 78.7500355596 76.6588142799 1.70370875758 0.643907589242
35 1.8 1.53105687147 2.64407985565 2.95426623922 83.8681313417 53.4231928117 5.63676825984 3.07946180783
35 1.8 1.54677293738 4.81487926604 8.28516766738 19.6322799556 22.3545790238 1.10054556298 0.682867669082
35 1.8 1.48641959257 2.48819922469 2.56439987489 26.4026008274 17.0441896185 5.73986468073 2.49594748257
35 1.8 1.2504252269 3.69688642579 6.11799845598 28.6140246188 29.1555863662 1.38636192659 1.73389819239
35 1.8 1.32294551579 3.67336687556 5.79816723063 41.1857441086 27.6237454571 0.777771920724 0.588927753
35 1.8 1.41382540347 2.81747357534 3.15699034496 31.8759098737 25.167764548 0.476513997763 0.238638606325
35 1.8 1.37944211633 5.54132334535 12.4639475188 34.0479959507 30.0744764103 2.21714447972 1.13211221556
35 1.8 1.34898036439 3.43897770329 5.17466721142 117.152141643 55.075898879 1.6516593522 0.653660988878
35 1.8 1.54610303989 2.51888359253 2.88624845552 110.156029777 92.2872261008 1.3992986006 0.406082878631
35 1.8 1.43984535457 2.09734467666 1.96569845118 23.3034991198 15.9981649735 0.450603995744 0.266553339513
35 1.8 1.38359470303 2.45303115685 3.31468661727 10.5739057787 9.80989556494 0.435809457002 0.295124027972
35 1.8 1.43459203879 3.57250110975 6.57836946945 29.280526483 33.3198863871 1.45288453094 0.675499417188
35 1.8 1.55250611092 2.67484626583 2.19233450552 67.0810969703 37.3488063501 1.23017515915 0.488434522413
35 1.8 1.317835269 3.43360382466 5.58524732416 143.892043649 88.3560539456 4.35845141996 2.2111310244
35 1.8 1.56409031377 3.1188367529 3.47402905188 76.7718098338 62.3618042547 1.18690352782 0.354205783779
35 1.8 1.52290845641 5.92225128294 15.2350576611 30.6535915905 27.8893655459 6.14292421014 2.01943462851
35 1.8 1.3549122572 1.69910876434 1.37719948773 93.8180655367 69.8032522448 6.43035985243 2.30288927175
35 1.8 1.46708172418 2.18089719445 1.4728117983 77.0310986337 59.0816949955 0.786220710516 0.360831664094
35 1.8 1.56127979724 2.44906202978 1.96624991722 80.1240146803 62.6075294583 0.920395144399 0.432334927697
35 1.8 1.44967488855 2.1748976794 1.45099818947 61.9129914607 38.6247738467 1.32904350666 0.51636531974
35 1.8 1.32200891282 2.31405805594 2.44879307227 102.119748025 70.0786399799 5.39809185086 3.25750376078
35 1.8 1.46160036002 3.62889288587 6.13571149775 148.697118597 94.3842032143 6.55977343777 2.96677022602
35 1.8 1.36957016477 1.69773834449 1.15426446317 110.44198092 53.0828774188 1.83040091373 0.586313251249
35 1.8 1.43224212349 2.80192526528 2.72324175878 185.959684877 155.264129378 1.36579151807 0.404117900767
35 1.8 1.28395973643 2.68157228617 4.67791201742 47.705429814 42.817084354 1.52036191272 0.705833401007
35 1.8 1.50673711675 3.05929809854 5.34021191174 30.9047840215 26.3709680022 0.821377728797 0.665973654878
35 1.8 1.31987994894 3.34780164715 5.69154844375 19.2314588875 17.7834176046 1.81236350967 1.85448906991
35 1.8 1.34795725641 2.50433278771 2.82442421996 89.9439119889 73.9947861198 1.03140035199 0.393223900756
35 1.8 1.43904364871 2.78688519819 2.67212870806 17.1998286324 14.76408375 0.856062912794 0.482197673531
35 1.8 1.59475357855 5.84839088097 11.0511108727 23.8286498828 23.1274721678 1.28646164384 0.927404622791
35 1.8 1.55413736436 2.49469582602 2.56861947767 61.8229252954 32.7754495402 0.931817725424 0.435274369325
35 1.8 1.40231171996 3.0321988368 4.47793949983 80.3069718205 47.0203551427 1.06201816501 0.628113598698
35 1.8 1.24580274415 1.78554723909 2.01705865227 15.0649257607 8.87277137611 0.318549501992 0.178008911355
35 1.8 1.30532809815 3.06154602917 4.83470633992 45.4291146533 34.6660926169 1.73951667281 1.82423969572
35 1.8 1.53179560434 2.69219997544 2.48607851835 32.650695471 29.6801272405 1.10610267963 0.548085053905
35 1.8 1.51382859795 6.62475178516 18.853848322 30.950045332 35.5724454043 1.39005538222 1.11365901903
35 1.8 1.53029975045 1.64218551247 1.34924498122 70.8085044892 55.1811672204 0.685201816619 0.445353608198
35 1.8 1.51549099281 3.32003133734 3.02844546409 12.073602108 11.9118494889 0.622952901651 0.253873341465
35 1.8 1.47608546837 2.69635598811 3.66512212621 57.3122159429 40.8363147263 4.74340293515 2.41988017235
35 1.8 1.57078555489 3.54458433084 5.23994761669 181.78261627 157.892521113 4.16566039172 1.75467558753
35 1.8 1.42777592663 3.98570374145 7.90710782727 101.809276235 53.5851721214 1.24789012519 0.718946389524
35 1.8 1.47201903945 1.85525938418 1.33529137844 3.35698746613 2.91291502597 0.0939568236791 0.0479787501892
35 1.8 1.49879713228 2.72261920653 3.65962624899 28.114471157 16.9324821065 0.536880997921 0.298426781174
35 1.8 1.45935144264 2.1827264956 2.46394921874 20.7544364742 13.7197986082 5.25604339797 2.47373309676
35 1.8 1.24166420311 2.35929562794 3.2549340604 53.2956503097 45.4011719503 0.991020128024 0.374882772829
35 1.8 1.45611306638 3.17619905119 4.46879522824 12.5714045618 12.8805107574 0.602973878053 0.478042265658
35 1.8 1.43682029642 2.27670830569 2.58214772586 36.8923792011 24.9568586979 0.611826886914 0.228572716857
35 1.8 1.41229819666 2.49556295603 2.29303732857 19.9997060467 15.5023130361 3.29403408253 2.40413173313
35 1.8 1.54102571118 2.09988876451 1.6939031255 6.17576463239 6.68908524488 0.198075318216 0.20284820146
