35 2.0 1.41136338549 17.4518420476 0.301977071357
35 2.0 1.78966802259 17.4412641667 0.321667466249
35 2.0 1.61259650894 17.4619036054 0.30674543774
35 2.0 1.45775086512 17.4565777301 0.316893995537
35 2.0 1.51868908209 17.486969078 0.308100102562
35 2.0 1.56727263447 17.4654673227 0.336211098651
35 2.0 1.68056125248 17.4561117989 0.309462693259
35 2.0 1.5944045336 17.482783449 0.318540068383
35 2.0 1.55537177399 17.4589463232 0.308848174638
35 2.0 1.57280635098 17.4668480709 0.310221503502
35 2.0 1.5344429731 17.4501908459 0.296678561034
35 2.0 1.52737848069 17.450575508 0.292816055743
35 2.0 1.89846818874 17.4683520624 0.314541711495
35 2.0 1.54643764644 17.4764453731 0.309167943652
35 2.0 1.71784939313 17.4650831474 0.283501491702
35 2.0 1.62876874475 17.4627166611 0.317816781335
35 2.0 1.63895644669 17.4583487017 0.339334203039
35 2.0 1.59096121537 17.4570026667 0.278709600774
35 2.0 1.50423059751 17.4339598481 0.316405633512
35 2.0 1.51929465567 17.4521715421 0.270237081183
35 2.0 1.72285039684 17.4483772903 0.338126213245
35 2.0 1.67267987217 17.47319727 0.301040907561
35 2.0 1.662912907 17.4510882828 0.317231128281
35 2.0 1.57761934141 17.4818109361 0.309237762203
35 2.0 1.63358786674 17.4551848948 0.292220761869
35 2.0 1.45762240695 17.4512615408 0.322325588656
35 2.0 1.47619229818 17.459865536 0.291057596869
35 2.0 1.47594968286 17.4575338237 0.308583708723
35 2.0 1.68476640349 17.4936868985 0.330087853108
35 2.0 1.62817070973 17.4680027631 0.282314692247
35 2.0 1.45817125226 17.4496559637 0.282742281861
35 2.0 1.54536774454 17.4567913638 0.290199004545
35 2.0 1.64252893019 17.4449595963 0.283571753553
35 2.0 1.61514039042 17.4651896678 0.336335672885
35 2.0 1.57602576296 17.4621981258 0.310192812591
35 2.0 1.6059536483 17.4556038822 0.29838705551
35 2.0 1.73735985555 17.4812339466 0.310809122694
35 2.0 1.51654187042 17.4725623265 0.275960664206
35 2.0 1.89274852123 17.4631901814 0.276333174679
35 2.0 1.62194676455 17.4600734347 0.299187558417
35 2.0 1.70804194201 17.4323717888 0.304976713923
35 2.0 1.67402094307 17.4617297508 0.289562137016
35 2.0 1.5977669236 17.448409298 0.306250089873
35 2.0 1.41034532039 17.4595206595 0.310789340824
35 2.0 1.64614852076 17.4586801307 0.334036833496
35 2.0 1.64158967303 17.4533674168 0.275705501865
35 2.0 1.72024717822 17.4469367126 0.294616999093
35 2.0 1.56545385511 17.4760152778 0.296975197921
35 2.0 1.45698821236 17.4339103311 0.315470627237
35 2.0 1.47835100609 17.4912425069 0.322889294316
35 2.0 1.57721548282 17.4561141728 0.319728896812
35 2.0 1.53839380933 17.4634269842 0.306832502016
35 2.0 1.78771613903 17.4699726725 0.318957620288
35 2.0 1.6773972515 17.463398743 0.28745329338
35 2.0 1.54845206889 17.4303577138 0.273025378915
35 2.0 1.81984979236 17.4682076036 0.308943849
35 2.0 1.53997685756 17.4643514071 0.297856203554
35 2.0 1.75720259473 17.4590126558 0.289050772139
35 2.0 1.6666212656 17.4509206995 0.291181049523
35 2.0 1.77732851878 17.4417060487 0.312794488874
35 2.0 1.5173925593 17.4515363567 0.303261721526
35 2.0 1.54543640325 17.444400019 0.318202642348
35 2.0 1.60476515695 17.43126188 0.294205508487
35 2.0 1.37567825101 17.4389959601 0.262585017977
35 2.0 1.62514449781 17.4742308592 0.29252633498
35 2.0 1.42894796727 17.454299564 0.305363090625
35 2.0 1.65356817836 17.4478755251 0.285333682937
35 2.0 1.52885769848 17.4336491178 0.312390987874
35 2.0 1.75902258362 17.4748171331 0.299701903584
35 2.0 1.57257589668 17.4705539618 0.310521413407
35 2.0 1.66983548407 17.4415012246 0.326878433124
35 2.0 1.40061156568 17.4559402126 0.289977918041
35 2.0 1.43582591376 17.4199352195 0.323195824591
35 2.0 1.44561441431 17.4549888024 0.315260624445
35 2.0 1.51443415211 17.4463250165 0.320642001496
35 2.0 1.6437905041 17.4645807797 0.31022038886
35 2.0 1.5948408524 17.4792230138 0.28530519923
35 2.0 1.67883811954 17.4744270706 0.295978223742
35 2.0 1.65261329811 17.4493663674 0.303632741738
35 2.0 1.69075673876 17.4737724767 0.326307824705
35 2.0 1.56278378898 17.44729971 0.303442091692
35 2.0 1.60750312058 17.4506589208 0.296802424981
35 2.0 1.60450385087 17.4359348493 0.284500342663
35 2.0 1.59093835565 17.4629593425 0.29749667114
35 2.0 1.70823753675 17.4643706416 0.286702155023
35 2.0 1.54296166629 17.464608768 0.308958617285
35 2.0 1.53073656011 17.4317147673 0.311939559489
35 2.0 1.64447482666 17.4493780015 0.297720279827
35 2.0 1.58212830233 17.4637958047 0.310612170033
35 2.0 1.56918475664 17.4593866886 0.281843226607
35 2.0 1.71068199001 17.4485938592 0.250560331821
35 2.0 1.74431088327 17.4646592427 0.322702162358
35 2.0 1.7716442214 17.4601337598 0.33917714937
35 2.0 1.49006781244 17.4535558086 0.2966537274
35 2.0 1.5393569155 17.4559415124 0.298987255528
35 2.0 1.52542784081 17.4596302452 0.288593114279
35 2.0 1.47567859084 17.4404816713 0.278401010128
35 2.0 1.68077944682 17.4736270436 0.299676304549
35 2.0 1.56481313916 17.4528853443 0.333467129573
35 2.0 1.49165650258 17.4570017804 0.289587215306
