0.0 0.0 16.45
-0.09 2.18 16.74
6.93 2.46 19.13
6.7 0.0 17.76
0.0 0.0 0.0
0.02 0.07 0.32
0.03 0.14 0.65
0.05 0.23 0.99
0.06 0.29 1.34
0.08 0.35 1.66
0.09 0.41 1.99
0.11 0.47 2.33
0.11 0.54 2.67
0.12 0.59 3.0
0.13 0.65 3.32
0.14 0.72 3.64
0.14 0.76 3.97
0.15 0.82 4.29
0.16 0.88 4.61
0.18 0.94 4.93
0.18 0.98 5.23
0.19 1.03 5.54
0.2 1.09 5.85
0.22 1.13 6.16
0.22 1.19 6.46
0.23 1.23 6.75
0.24 1.27 7.05
0.26 1.29 7.33
0.27 1.34 7.6
0.28 1.37 7.89
0.29 1.41 8.18
0.31 1.43 8.45
0.32 1.47 8.73
0.34 1.49 8.99
0.36 1.5 9.26
0.38 1.54 9.53
0.4 1.55 9.78
0.42 1.58 10.04
0.43 1.59 10.29
0.45 1.61 10.54
0.47 1.62 10.79
0.49 1.64 11.04
0.51 1.65 11.28
0.54 1.65 11.52
0.55 1.66 11.76
0.57 1.66 11.98
0.6 1.67 12.23
0.63 1.66 12.46
0.65 1.65 12.68
0.67 1.65 12.92
0.69 1.66 13.15
0.72 1.64 13.37
0.75 1.62 13.58
0.78 1.61 13.81
0.8 1.61 14.04
0.83 1.58 14.26
0.86 1.57 14.48
0.89 1.54 14.71
0.9 1.53 14.91
0.93 1.5 15.11
0.95 1.48 15.32
0.98 1.46 15.53
1.01 1.43 15.73
1.04 1.39 15.94
1.07 1.36 16.15
1.09 1.32 16.35
1.12 1.29 16.55
1.15 1.25 16.76
