10.5 -373.5 14 1
16.5 -379.5 15 2
20.5 -325.0 17 3
25.5 -322.5 18 4
81.5 -488.0 22 5
73.5 -309.0 22 6
114.0 -483.5 23 7
267.5 -441.0 31 8
315.0 -419.0 32 9
358.5 -401.0 33 10
175.0 -469.5 34 11
398.5 -385.5 34 12
431.5 -372.5 35 13
463.0 -358.0 36 14
493.0 -349.5 37 15
139.0 -321.0 37 16
159.5 -465.5 38 17
519.5 -341.5 38 18
145.5 -324.0 38 19
160.5 -465.0 39 20
544.0 -334.0 39 21
170.0 -469.0 40 22
137.5 -399.0 40 23
169.0 -405.5 40 24
566.0 -326.5 40 25
197.5 -362.5 41 26
587.0 -322.0 41 27
153.5 -435.0 42 28
169.5 -402.5 42 29
121.0 -361.0 42 30
193.5 -360.0 42 31
607.0 -315.5 42 32
146.0 -309.0 42 33
115.0 -358.5 43 34
142.0 -321.5 43 35
625.0 -312.5 43 36
148.0 -466.5 44 37
182.0 -465.5 44 38
148.5 -398.5 44 39
108.5 -359.0 44 40
642.5 -308.5 44 41
180.5 -465.5 45 42
146.5 -406.0 45 43
180.0 -395.0 45 44
101.5 -360.0 45 45
181.0 -348.0 45 46
658.0 -305.0 45 47
181.5 -461.5 46 48
157.0 -395.5 46 49
179.5 -346.0 46 50
673.5 -304.5 46 51
180.0 -460.0 47 52
156.0 -394.0 47 53
96.0 -354.0 47 54
178.5 -348.0 47 55
687.5 -302.0 47 56
183.5 -462.0 48 57
95.5 -353.5 48 58
174.5 -345.5 48 59
154.0 -313.5 48 60
701.5 -301.5 48 61
187.5 -466.5 49 62
171.5 -435.0 49 63
163.5 -398.0 49 64
102.5 -353.0 49 65
177.0 -352.5 49 66
714.0 -300.0 49 67
175.0 -349.5 50 68
727.0 -300.5 50 69
146.0 -306.5 50 70
152.0 -403.0 51 71
109.5 -352.5 51 72
141.5 -316.5 51 73
738.5 -300.0 51 74
106.5 -357.0 52 75
145.5 -311.0 52 76
749.5 -300.5 52 77
760.0 -300.5 53 78
142.5 -306.5 53 79
155.0 -392.0 54 80
145.0 -309.0 54 81
770.5 -302.5 54 82
163.0 -464.0 55 83
779.5 -304.0 55 84
789.5 -305.5 56 85
146.5 -463.5 57 86
141.0 -318.5 57 87
798.5 -307.5 57 88
143.0 -458.5 58 89
807.0 -309.0 58 90
135.5 -294.5 58 91
144.0 -319.0 59 92
815.5 -312.5 59 93
137.0 -295.0 59 94
173.0 -344.5 60 95
823.5 -315.0 60 96
140.0 -307.0 60 97
144.0 -453.5 61 98
143.5 -396.0 61 99
171.0 -343.0 61 100
831.5 -318.0 61 101
147.5 -453.0 62 102
172.0 -350.5 62 103
838.0 -320.5 62 104
142.0 -394.0 63 105
845.0 -323.5 63 106
154.0 -463.0 64 107
173.5 -348.5 64 108
852.0 -327.5 64 109
145.5 -449.5 65 110
858.5 -331.5 65 111
153.0 -403.5 66 112
171.5 -348.0 66 113
865.0 -335.5 66 114
145.0 -458.5 67 115
871.0 -338.5 67 116
