1257.0 -291.5 1 1
1263.0 -352.0 2 2
1252.5 -291.5 2 3
1266.5 -411.5 5 4
1227.5 -300.0 5 5
1262.5 -415.0 6 6
1218.5 -303.5 6 7
1269.0 -341.5 7 8
1208.0 -304.0 7 9
1259.5 -340.5 8 10
1244.5 -338.0 9 11
1233.5 -469.0 10 12
1228.5 -336.0 10 13
1212.5 -333.5 11 14
1237.0 -426.0 13 15
1256.5 -437.5 14 16
1113.0 -291.0 14 17
1214.0 -407.0 15 18
1154.5 -341.0 16 19
1104.5 -303.0 16 20
1086.0 -355.0 17 21
1096.0 -305.5 17 22
1183.0 -443.0 18 23
1091.0 -306.5 18 24
1138.5 -457.0 19 25
1079.5 -306.5 19 26
1067.5 -305.5 20 27
1064.0 -303.5 21 28
936.0 -404.5 22 29
1055.5 -302.5 22 30
1050.0 -301.0 23 31
827.5 -375.0 24 32
1085.0 -335.0 24 33
1043.0 -302.5 24 34
1022.5 -364.5 25 35
783.5 -362.5 25 36
1011.5 -362.5 26 37
740.0 -349.0 26 38
1064.0 -336.5 26 39
1043.5 -316.5 26 40
1030.0 -296.0 26 41
1041.5 -328.5 27 42
1017.0 -452.5 28 43
665.0 -334.5 28 44
1021.0 -304.0 28 45
1012.0 -454.5 29 46
632.0 -328.0 29 47
1016.5 -301.5 29 48
995.5 -456.5 30 49
1003.0 -386.5 30 50
600.5 -323.0 30 51
1012.0 -299.0 30 52
987.5 -455.5 31 53
572.0 -317.0 31 54
1016.0 -309.0 31 55
1006.0 -286.0 31 56
975.0 -465.0 32 57
998.5 -390.0 32 58
545.0 -314.0 32 59
1013.5 -307.0 32 60
1002.0 -283.5 32 61
520.0 -309.5 33 62
1003.0 -293.0 33 63
960.0 -466.0 34 64
1006.0 -457.5 34 65
992.5 -388.0 34 66
1009.0 -307.5 34 67
496.5 -305.5 34 68
995.0 -284.5 34 69
962.0 -464.0 35 70
1004.0 -458.0 35 71
988.0 -389.0 35 72
1001.5 -341.5 35 73
474.0 -303.5 35 74
995.5 -297.0 35 75
998.5 -452.5 36 76
984.5 -400.5 36 77
455.0 -302.0 36 78
989.5 -295.0 36 79
998.0 -308.5 37 80
435.0 -301.0 37 81
974.5 -289.0 37 82
988.5 -446.5 38 83
975.5 -391.5 38 84
996.0 -309.5 38 85
417.0 -299.5 38 86
971.0 -285.5 38 87
983.0 -389.0 39 88
400.0 -301.5 39 89
981.0 -293.5 39 90
982.0 -453.0 40 91
982.0 -389.5 40 92
966.5 -348.5 40 93
384.5 -301.5 40 94
973.0 -289.5 40 95
978.5 -451.0 41 96
969.0 -382.5 41 97
369.5 -302.0 41 98
970.5 -288.5 41 99
965.0 -451.5 42 100
978.0 -389.0 42 101
355.0 -302.5 42 102
967.5 -289.0 42 103
976.0 -386.0 43 104
957.5 -368.0 43 105
975.0 -301.0 43 106
342.0 -302.5 43 107
951.0 -456.5 44 108
975.0 -384.0 44 109
952.0 -356.0 44 110
976.0 -304.0 44 111
329.0 -303.5 44 112
949.5 -278.5 44 113
944.5 -464.5 45 114
970.0 -387.5 45 115
952.5 -345.5 45 116
317.0 -305.0 45 117
975.0 -304.5 45 118
940.0 -465.5 46 119
972.0 -379.0 46 120
945.5 -348.0 46 121
306.0 -308.0 46 122
972.0 -305.5 46 123
969.5 -387.0 47 124
294.5 -309.0 47 125
968.5 -304.5 47 126
930.0 -467.0 48 127
285.0 -313.0 48 128
964.5 -305.5 48 129
925.5 -466.5 49 130
963.5 -393.5 49 131
274.5 -314.5 49 132
963.0 -307.0 49 133
922.0 -466.5 50 134
965.0 -386.0 50 135
929.5 -350.0 50 136
265.0 -317.5 50 137
960.5 -308.0 50 138
919.0 -468.0 51 139
962.5 -386.5 51 140
255.5 -320.5 51 141
954.5 -305.5 51 142
921.5 -470.5 52 143
959.5 -386.0 52 144
247.0 -323.5 52 145
946.0 -304.0 52 146
924.5 -283.5 52 147
920.0 -469.0 53 148
941.5 -401.5 53 149
922.0 -347.0 53 150
956.5 -341.5 53 151
239.0 -327.0 53 152
949.5 -306.5 53 153
921.5 -284.0 53 154
919.0 -473.0 54 155
963.5 -462.5 54 156
231.0 -331.0 54 157
944.0 -303.5 54 158
961.5 -460.5 55 159
223.5 -335.0 55 160
929.0 -291.0 55 161
960.5 -459.0 56 162
216.0 -339.0 56 163
929.0 -307.5 56 164
911.0 -282.5 56 165
