18.9459837312 42.3809585581
19.4930428017 43.6046948456
20.4578175517 45.7628344955
20.5066915514 45.8721625192
19.4254148491 43.4534154243
19.286558724 43.142803119
19.930552284 44.5833756837
20.1277967952 45.0245990888
19.1955391887 42.9391982174
19.0639187789 42.6447717461
19.1739699163 42.8909491291
19.0424357031 42.5967154744
18.6839092563 41.7947146545
18.9871479473 42.473040287
18.8001578972 42.0547554581
18.0746414939 40.4318214865
18.0467242813 40.3693724606
18.281026691 40.8934920236
17.9288576304 40.1057122717
17.6385290111 39.4562656472
17.2462942393 38.578861452
17.622848884 39.4211902018
16.0428147786 35.886754572
16.2904053108 36.4405988186
16.5219398378 36.9585268045
17.0056591162 38.0405760124
16.088092352 35.9880376191
16.0836115725 35.9780144009
15.3416181767 34.3182224468
15.6280640317 34.9589835749
15.7860629895 35.3124171773
14.6894546898 32.859374276
15.1655159544 33.924292995
14.4951648128 32.4247601993
14.9226602338 33.3810402203
14.4076049337 32.2288943282
14.3633810446 32.1299683058
14.0459984991 31.4200037719
14.3642042372 32.1318097351
13.6420167914 30.5163224295
13.0351935655 29.1588975338
14.2882996022 31.9620159025
13.6787041711 30.5983897606
13.1263213388 29.3627445571
13.7456051922 30.7480430825
13.6378995943 30.5071125219
12.4945311501 27.9494701562
12.5250963552 28.0178425727
13.5210578721 30.2457450332
13.3916677951 29.9563076745
12.7768496609 28.5809986784
13.1072883705 29.3201690195
13.2068169313 29.5428080689
12.1535329515 27.1866789109
11.5858516021 25.9168118993
12.2632312797 27.4320670822
12.0945960325 27.0548407781
12.2473126576 27.3964581387
12.4594711021 27.8710430624
12.1499931485 27.1787605971
11.9740679311 26.785227094
12.1823801367 27.2512082263
12.3427889382 27.6100324956
