35 2.8 2.30878641636 3.31080305542 2.52101349935 25.5802387147 15.301530374 0.279232352717 0.112096212972
35 2.8 2.35936962871 4.17729725135 6.05507878555 90.7197536289 84.5244398762 1.75999937863 0.501251818221
35 2.8 2.29525078817 3.29834059825 3.02742733853 111.28602014 90.8066694706 6.37207924483 2.38598731027
35 2.8 2.1003787557 5.0926311083 7.5634071385 487.362354264 558.171724521 4.38815000845 1.39796137819
35 2.8 2.30848528725 2.77034302726 2.64356692552 8.47246304259 10.5172999703 5.12192852445 2.6968098202
35 2.8 2.25890418997 2.29295920875 1.88902112514 135.584623303 112.687340158 1.35575777441 0.636852307497
35 2.8 2.30521155676 2.88840436386 2.47933957806 220.247466186 196.131063139 1.48908239356 0.866083637461
35 2.8 2.03196918759 2.90867129784 1.99622473766 35.3686273381 19.7834812935 0.750324458415 0.273027224538
35 2.8 2.25047469629 4.34431669828 5.82546769931 20.1489965797 20.2608877057 0.719987552564 0.606651049295
35 2.8 2.15097804938 8.0245382077 16.4909697419 405.332204387 917.44243907 6.07196250081 2.71279402222
35 2.8 2.29643831398 5.31457217231 5.80031384756 32.4434169293 33.3292175443 1.27434572008 0.840779613032
35 2.8 2.3050784958 5.03701415055 7.90501958418 79.5453469924 42.5228477189 1.15447959246 0.688097155984
35 2.8 2.28706559275 6.19823267854 9.76437554872 23.8567590235 24.4599369121 1.40991709347 0.835189056921
35 2.8 2.39136609855 7.93346706587 18.9350487782 35.1838225311 32.5003708093 5.38212720857 1.89480973988
35 2.8 2.31605524299 3.93890022761 4.4479492803 63.7521516855 34.3986516947 0.941518045203 0.466044776445
35 2.8 2.11835884465 2.77026876893 2.13708664611 7.56429801961 7.78837565142 5.88624692016 2.69693190414
35 2.8 2.07151990861 3.40336570146 3.18605743532 116.772002725 92.5718974056 0.981794704164 0.373358993046
35 2.8 2.33780147891 5.55104669781 10.9141984912 34.8773473868 40.7691626048 1.38645067107 0.914272031215
35 2.8 2.42922964521 6.46057397035 9.23082864252 37.8026506641 38.592086864 2.00294850115 1.591861176
35 2.8 2.40307595083 6.0697840288 11.5713555841 101.485615059 106.91457674 2.34185965959 0.88982184227
35 2.8 2.10886794743 2.92699371766 3.43947768399 225.012310087 82.1139904088 3.17277158412 1.03926533408
35 2.8 2.11341720237 10.4500172507 31.8384886754 57.7648592687 64.5993444739 2.25259169903 1.36907664685
35 2.8 2.27017609633 5.06051876574 8.22446200763 89.1390189611 69.5305039576 1.80600631041 1.14523746516
35 2.8 2.23955206824 5.47916150843 7.9864099764 103.502575438 100.56183939 2.1781014653 0.656566391287
35 2.8 2.23452662052 7.01049421752 15.0986586345 213.770098564 340.427457983 3.43263646188 1.14933444913
35 2.8 2.17926531011 3.49785235929 3.39037025361 137.145934955 90.9591817413 25.6096221254 41.4692542112
35 2.8 2.07510710904 2.98038335358 2.7231233758 23.7362309401 16.2293924862 0.450511791649 0.185219248724
35 2.8 2.06439284753 4.44455150082 4.38038143367 13.0081443942 14.4908079657 0.471611231146 0.434494670378
35 2.8 2.14227824422 4.60831630855 5.28501534347 153.762094634 140.76525917 2.07708489441 0.545493221342
35 2.8 2.10278882417 5.83585057611 8.43584224779 140.130341758 97.896634503 2.89510341336 1.72065916686
35 2.8 2.30335826414 7.34605898391 14.7647053825 49.032180328 49.8294040442 1.94195530068 1.51426399762
35 2.8 2.43955564247 8.07436987212 16.7435902813 36.6503902202 31.5763042027 2.64428715103 1.25233827015
35 2.8 2.23132992021 8.59934988593 26.9586293966 59.2766590463 53.9490891027 5.48983683256 1.98312344572
35 2.8 2.33400191828 4.35723841873 4.02491251164 77.0659298967 67.4590363173 1.40126831701 0.458980253537
35 2.8 2.5182479574 7.80455431737 20.5628602363 39.4950839071 47.5848120088 1.60811685067 1.22474491377
35 2.8 2.04973569817 3.6993600985 2.73313984985 54.4452586231 31.8254469617 0.868367144855 0.438720744631
35 2.8 2.22542818627 4.46136406565 6.40772556921 51.2949593927 39.1747156422 1.2391334867 0.782631713647
35 2.8 2.2003321326 4.15699508405 5.22406280585 30.1866877309 28.7915617687 1.46749639939 1.80255458368
35 2.8 2.15273252444 12.2107848 55.0624831467 154.57849003 102.34351501 1.71053046252 0.873666288127
35 2.8 2.19829849672 3.04559198548 2.37004417361 19.5731751814 11.8464510204 0.538754036408 0.294863412899
35 2.8 2.3100865377 4.96667333479 6.86023201104 50.3476720815 50.9410844483 2.26149721744 1.59781649584
35 2.8 1.94803282284 6.13450790259 10.3195024766 182.960855044 103.981363007 3.68308478405 1.90709058515
35 2.8 2.25264507382 4.43745959739 4.93556487634 81.2331797554 46.0675548659 1.36059876009 0.574513667212
35 2.8 2.4620716406 4.04860882265 4.43502929306 47.380696084 26.6244771902 0.785185962932 0.489251810648
35 2.8 2.18646359211 3.87335909354 3.57228344716 110.07854049 51.243999338 1.2423704835 0.5823171705
35 2.8 2.19179548279 2.98917143826 1.67781162163 136.524744915 75.9382805581 2.53612289857 0.956508710065
35 2.8 2.35035425257 3.708093401 5.08078327949 34.0337518879 26.5515902896 1.14409378569 0.555974947307
35 2.8 2.26165229899 10.2329746628 31.9942238842 56.7679343274 58.4440981779 1.98305969973 1.30029198574
35 2.8 2.26450672563 4.7707877465 5.36462606034 8.65691015485 8.87757507298 0.5401756942 0.403563502411
35 2.8 2.36001733483 8.20328541068 19.2627584165 154.420661215 128.145364512 2.41290254877 1.51021884332
35 2.8 2.44524745399 7.83720988059 20.98726141 74.5815246785 65.9339309807 1.7064936834 1.20752267006
35 2.8 2.19142046853 7.57870107831 19.6288910029 111.317609464 76.9509522393 1.58195496855 1.01308905508
35 2.8 2.351093033 3.01037071699 1.63589943865 105.741556715 59.9104722707 2.39080686881 0.787347010348
35 2.8 2.5151889224 4.01980119533 3.42149330405 163.461192363 154.250746525 2.28760026163 0.615420133242
35 2.8 2.09375608137 3.38101714319 2.7465841751 2.79630575034 4.08464802516 0.355922475105 0.165779730435
35 2.8 2.21203599202 3.93282513153 5.60241452451 18.0162226536 16.6137781448 0.922422358067 0.659346922743
35 2.8 2.25666313436 2.25465059965 2.03229448315 38.3159273493 22.7253831964 0.944673647903 0.325531016557
35 2.8 2.31852876691 2.86705695314 2.24458835792 39.4895544925 24.1717787768 0.899108176931 0.328427252309
35 2.8 2.33282539595 3.51182340329 4.28488917749 80.4940577385 40.6970970981 1.27673333581 0.483040675169
35 2.8 2.19086695103 3.69591937691 4.63649232277 53.3008163944 31.5991661138 0.840995039505 0.544021109829
35 2.8 2.19668878687 2.59062800081 2.33615986243 203.891625018 180.244700466 3.48720426343 1.07865433402
35 2.8 2.2567796422 6.37921089788 10.3472551613 22.8401720066 24.7410587332 1.51201016802 0.63729304117
35 2.8 2.3483726515 6.1215882271 8.44738409641 86.3288840508 56.8734508151 1.57677888771 0.903674494781
35 2.8 2.11615150836 5.63391540984 9.12824853926 45.7181179443 47.4735268619 2.3615440225 1.78927529006
35 2.8 2.27761868875 3.16413394331 2.8506976759 48.665681402 40.2579404379 0.827245755312 0.358427482012
35 2.8 2.06378031646 3.62025489209 4.88183080669 148.711479047 64.5641566678 1.95611795274 0.720934920372
35 2.8 2.28179652749 4.53491138554 6.87223428144 150.494240668 156.853374932 2.87772579572 0.925165837747
35 2.8 2.13945948927 7.0497989762 18.1307254482 100.811788827 71.6020867035 3.14014290442 1.95427718246
35 2.8 2.21946217611 7.25184745557 15.4538478884 77.8000387813 81.6074905292 2.02522457131 1.34124728392
35 2.8 2.18529475413 4.53912041897 4.11577890672 76.4129698224 51.9197385544 5.03821592972 2.06546016103
35 2.8 2.27969678235 3.26987651063 3.37114044902 106.595387776 70.5145613114 5.9412807057 2.37179163301
35 2.8 2.24636930791 2.87922741947 2.70800849955 58.5138975688 43.1614202119 0.618017095354 0.236205103653
35 2.8 2.20067661669 3.10422566576 2.72859648649 142.228761587 70.9074402864 2.68190048106 0.895526786566
35 2.8 2.47539487545 3.68474733368 3.73277045732 138.894109281 68.5077786104 2.50461174668 0.865708330849
35 2.8 2.30951003135 5.41445473154 8.42417369557 249.846401217 229.995344588 1.11593988983 0.969794296129
35 2.8 2.17414178473 5.471984069 7.86138360181 132.282977398 59.7430753881 1.29084074152 0.635177375147
35 2.8 2.23058317928 3.50882212651 3.58377606228 29.3420605831 20.8802776844 3.38131531957 2.24472021499
35 2.8 2.57752982324 3.54423463485 3.39205756374 202.372434615 191.946168228 2.17919667579 0.671096933894
35 2.8 2.23361035997 5.41925826085 8.255116726 13.8845909815 17.9542198668 0.774460680648 0.482395775072
35 2.8 2.11766117662 4.69056332668 4.74068549897 145.522084266 77.0501306888 2.54086426638 0.987655096099
35 2.8 2.22973253386 3.47646953146 3.76415506164 31.1316256381 25.8581521391 35 2.8 2.38198584654 2.77244422387 2.28281328039 185924.380152 1453763.12272 19.8108553833 5.36008632938
35 2.8 2.17821653591 3.34251418998 2.14835188572 28.87033829 19.5514849335 0.56138061259 0.383319705635
35 2.8 2.10858766844 3.67211580407 3.63001178467 22.6794686586 13.2221007509 0.421375985372 0.178649395804
35 2.8 2.24860280641 6.29586917806 8.96430263172 53.4099343026 52.4753131885 1.52814531804 0.576097699056
35 2.8 2.15035192657 5.19417094558 6.77109488844 85.3232053353 64.1277795724 1.42711711566 0.852063068337
35 2.8 2.123624718 3.1011028968 2.28994778507 132.541810959 67.3866239943 2.98720252304 0.955440708359
35 2.8 2.28287418552 2.89396308652 2.47727466509 173.505776684 71.2960718427 2.97406347607 0.947308514809
35 2.8 2.18982413719 5.27503088241 8.45829795484 146.458635374 100.118838937 2.62462215561 1.32634388641
35 2.8 2.1584471596 12.3348406938 45.1278910114 115.9968651 156.893988205 5.51575488365 2.46863304734
35 2.8 1.8730031813 4.12596605807 3.96007223577 29.4602594273 21.4453868036 5.6542771915 2.4734498691
35 2.8 2.25356572752 3.5478631603 2.43359064393 38.3958156938 30.3649814017 0.591605417062 0.282048643693
35 2.8 2.24777958289 2.53126248855 1.93370270439 55.9642338725 36.9664658333 1.38079015028 0.521484486621
35 2.8 2.20016685502 5.21472234311 6.21441564161 59.6734025293 44.9821189576 2.96898529272 1.96087263821
35 2.8 2.19883487298 5.66671214977 8.53946248693 111.365018904 110.451154585 2.26951927407 0.730799042817
35 2.8 2.07470725338 3.56094084587 4.9319668697 22.8880061084 22.6257274698 2.02506142793 1.75879885918
35 2.8 2.22808459624 24.470155356 86.3774280543 76.1832485457 107.865038354 3.28940437527 1.34557354734
35 2.8 2.11261717948 4.24616800619 4.42261327673 48.9661620908 33.0381653261 0.891933351526 0.562614252891
35 2.8 2.37038399728 5.69378521166 8.45346076325 81.1925409669 61.7406939542 2.78933262289 1.73095808435
