35 1.2 1.03293722406 17.4660296569 0.304764122051
35 1.2 1.0397905996 17.4608781471 0.272054866616
35 1.2 0.956146497034 17.4464261656 0.286458396829
35 1.2 0.936113767627 17.4536746092 0.306190778991
35 1.2 0.949588137894 17.4594410808 0.302189431097
35 1.2 0.948700088495 17.4401358274 0.298129216849
35 1.2 0.937997940706 17.4682473228 0.308643403032
35 1.2 0.94919619023 17.4519282898 0.302405713552
35 1.2 1.0160494624 17.4658229562 0.296442154347
35 1.2 0.990212406354 17.4583516513 0.3032530188
35 1.2 1.00318232662 17.4541344232 0.314994666186
35 1.2 1.06735258854 17.4601184293 0.292616415392
35 1.2 0.980222720251 17.4617929962 0.300091510669
35 1.2 0.973809912649 17.4769669791 0.300284678635
35 1.2 0.985758178649 17.4738552534 0.304214350985
35 1.2 0.999766678603 17.4560174661 0.314684720244
35 1.2 1.02320408781 17.4603725507 0.295527446602
35 1.2 0.913045723699 17.4644421796 0.306488511913
35 1.2 0.954342398411 17.4496425847 0.308176425582
35 1.2 0.956240650288 17.4598718989 0.296343387431
35 1.2 0.885094518755 17.4568215604 0.305286327698
35 1.2 0.913770981992 17.4397220204 0.284688918159
35 1.2 0.994049842132 17.452483532 0.284186227015
35 1.2 0.987061015821 17.4507973078 0.288460496894
35 1.2 0.942317269846 17.4387632691 0.330185639794
35 1.2 0.843583323355 17.4520546504 0.28881051404
35 1.2 0.979264412899 17.4619973067 0.299347705356
35 1.2 0.939203751882 17.4581507755 0.337611151098
35 1.2 0.941548253779 17.4697497332 0.312768279435
35 1.2 0.991129064768 17.4521677144 0.293911324595
35 1.2 1.03361893252 17.4601928269 0.309078499913
35 1.2 1.03705637242 17.4498804117 0.299489377793
35 1.2 1.02721890314 17.4615877711 0.33984249043
35 1.2 0.983843164328 17.4610844083 0.288501832521
35 1.2 0.88017259538 17.4579335125 0.302528672611
35 1.2 0.922125531026 17.4521280126 0.2965947242
35 1.2 0.926696469665 17.4540502092 0.296340331707
35 1.2 1.00230195105 17.4645646549 0.313582017754
35 1.2 0.962452862288 17.4533907484 0.300079349099
35 1.2 0.908871759981 17.4538254584 0.318065549069
35 1.2 0.980733454365 17.4614304688 0.311125765904
35 1.2 1.08823102514 17.4756035141 0.312440830959
35 1.2 0.969725303048 17.4602276111 0.28877883821
35 1.2 1.01475761725 17.4588451151 0.302553338666
35 1.2 1.06684959985 17.4678298208 0.327648089546
35 1.2 0.943398054879 17.4499520004 0.304643476531
35 1.2 0.966948827502 17.4552595305 0.291333479816
35 1.2 0.907710200902 17.4702536776 0.289306607567
35 1.2 0.98388109977 17.4598164536 0.313829812254
35 1.2 0.954633054358 17.4426653517 0.311024849328
35 1.2 1.01731117522 17.4623014598 0.284021900531
35 1.2 1.0009774061 17.4651855101 0.310890718245
35 1.2 0.884309360831 17.4608741785 0.301159783311
35 1.2 0.898122354594 17.4546955146 0.300588805244
35 1.2 0.999287026068 17.4849111106 0.29277930192
35 1.2 0.890440861289 17.4486425568 0.298906633601
35 1.2 0.931589559476 17.4715910716 0.303031708018
35 1.2 0.858709859196 17.4609958006 0.266546308794
35 1.2 0.89384399299 17.4497898537 0.304181426856
35 1.2 1.00802548198 17.4663474483 0.304043474385
35 1.2 0.957680040071 17.4543065952 0.298352657768
35 1.2 0.976615945868 17.4636368439 0.320893320536
35 1.2 0.89570881838 17.466489648 0.310589710072
35 1.2 1.05849977387 17.4525379969 0.297693420916
35 1.2 0.93981155551 17.4572633743 0.302989294172
35 1.2 0.994050916424 17.4625228371 0.30376915718
35 1.2 1.10734789438 17.4755912245 0.314699612274
35 1.2 0.955977828926 17.4587790007 0.297335106052
35 1.2 1.00732346095 17.4660368822 0.294623930249
35 1.2 0.923769355513 17.4518908271 0.286378915572
35 1.2 0.969734550413 17.4534025694 0.317638997498
35 1.2 0.886284602172 17.455520376 0.316305715574
35 1.2 0.957709466357 17.4484072428 0.308025750908
35 1.2 0.90420722499 17.4628973527 0.29721217428
35 1.2 1.03422165134 17.4619574261 0.302512486729
35 1.2 0.961525529936 17.4810260849 0.306843297894
35 1.2 1.04892761305 17.4676971737 0.301241452538
35 1.2 0.990092356536 17.4518400647 0.28845417018
35 1.2 0.993399148375 17.4608453562 0.311604285827
35 1.2 0.856167763085 17.4625702421 0.294587444475
35 1.2 1.05462682294 17.4574195562 0.296427415246
35 1.2 0.944456758555 17.4760391391 0.28936388349
35 1.2 0.908625477505 17.4648062697 0.291562718814
35 1.2 0.848862773867 17.4598571798 0.290856605472
35 1.2 0.916683477086 17.4456027097 0.295037012701
35 1.2 0.910091226649 17.4597819313 0.303156004198
35 1.2 1.00604607103 17.4701570212 0.287174531921
35 1.2 0.914548476587 17.4456868196 0.307820886916
35 1.2 0.92132589622 17.4649457653 0.287503117686
35 1.2 0.849074179669 17.4504530778 0.300251475181
35 1.2 0.948939383058 17.4538050927 0.314554964672
35 1.2 0.986372735234 17.4575471124 0.308865698027
35 1.2 0.886786504596 17.4444076574 0.292098269638
35 1.2 0.992415978415 17.4641784957 0.316115382152
35 1.2 1.00372668526 17.4394643064 0.300104487748
35 1.2 0.917172186715 17.459518868 0.291745277337
35 1.2 0.984290869433 17.4712942552 0.29960037413
35 1.2 0.953387396566 17.442136769 0.282179793529
35 1.2 0.824094255775 17.4709304629 0.320337881515
35 1.2 0.861627719643 17.461960387 0.300053390219
