0.0 0.0 8.35
0.24 2.4 8.41
7.67 2.42 8.39
7.25 -0.0 8.29
0.0 0.0 0.0
0.26 0.76 1.68
0.36 1.13 2.53
0.44 1.4 3.14
0.56 1.61 3.56
0.68 1.79 4.07
0.66 1.9 4.42
0.75 2.01 4.86
0.77 2.03 5.11
0.82 2.11 5.41
0.9 2.15 5.62
0.93 2.11 5.86
0.98 2.17 6.06
0.96 2.07 6.31
0.96 2.1 6.58
1.04 1.98 6.73
0.97 1.93 6.93
1.02 1.89 7.1
1.08 1.79 7.3
1.08 1.7 7.46
1.03 1.56 7.59
1.07 1.44 7.8
1.06 1.31 7.82
1.08 1.19 8.07
1.06 1.0 8.18
1.05 0.86 8.28
1.02 0.68 8.34
1.04 0.52 8.44
1.03 0.37 8.48
1.0 0.18 8.56
1.06 0.01 8.62
