107.715002292 240.951597603
54.1519333724 121.134424934
39.2456145724 87.7899394604
27.77950912 62.1409920689
32.4565765626 72.6032939621
21.2337156915 47.4984692019
26.8251443441 60.0061388678
14.3954230518 32.2016442345
18.2755360932 40.8812099061
13.5803158275 30.3783013043
14.2606229613 31.9001050201
12.3183633764 27.5553940702
15.2212536474 34.0489746633
16.2914539537 36.4429445659
11.6975606505 26.1666979235
12.6110207121 28.2100498848
10.5603248156 23.6227738142
13.802888921 30.8761831343
10.0387758157 22.4561019293
11.754347675 26.2937268794
14.0493109909 31.427413605
8.14532673822 18.2205769746
16.5372310444 36.9927322593
12.3212417507 27.5618328099
10.1347800251 22.6708572293
11.2246541028 25.1088361053
11.1614467769 24.9674453442
8.85983990569 19.8188974086
12.2430179871 27.3868512345
11.0078545386 24.6238692925
