0.0 0.0 7.67
-0.24 2.45 7.53
6.92 2.42 7.36
7.33 0.0 7.58
0.0 0.0 0.0
0.14 0.84 1.58
0.2 1.23 2.35
0.25 1.51 2.93
0.28 1.72 3.39
0.31 1.88 3.79
0.34 2.0 4.14
0.37 2.09 4.44
0.4 2.16 4.72
0.42 2.21 4.97
0.45 2.23 5.2
0.48 2.24 5.42
0.5 2.23 5.61
0.53 2.2 5.8
0.56 2.16 5.98
0.6 2.11 6.14
0.63 2.04 6.3
0.66 1.95 6.45
0.7 1.86 6.59
0.73 1.75 6.73
0.76 1.64 6.86
0.8 1.51 6.99
0.83 1.37 7.12
0.86 1.23 7.24
0.9 1.07 7.35
0.93 0.91 7.47
0.95 0.74 7.58
0.98 0.56 7.68
1.0 0.37 7.78
1.03 0.18 7.88
1.05 -0.01 7.97
