104.207345777 233.105193454
50.1978993143 112.289502658
37.1272712091 83.0513403162
29.7498536586 66.5485272711
24.8589116679 55.6078016397
21.3329682777 47.7204909137
18.6591175745 41.7392572418
16.5666344308 37.0585057614
14.899881773 33.3300862547
13.5641359269 30.3421078973
12.4996304005 27.9608768546
11.6662524797 26.0966635402
11.0360238494 24.6868822459
10.5860762999 23.6803782439
10.2957868724 23.031019289
10.1437796459 22.6909888078
10.1081741605 22.6113416053
10.1664983082 22.7418090078
10.2964762733 23.0325614349
10.4780728388 23.4387813823
10.693359393 23.9203636882
10.9277260497 24.4446269678
11.1698193605 24.9861742802
11.4107114928 25.525034633
11.6444590605 26.0479130499
11.8673107274 26.5464180309
12.0766978423 27.0148036667
12.2715445698 27.4506633826
12.451612517 27.8534639082
12.6170423375 28.2235198772
