-0.0 0.0 7.62
1.43 1.73 8.17
8.74 1.69 8.21
6.34 -0.0 8.32
0.0 0.0 0.0
0.52 0.55 1.45
0.81 0.81 2.18
1.04 1.0 2.74
1.23 1.15 3.2
1.39 1.26 3.59
1.52 1.34 3.95
1.64 1.41 4.27
1.74 1.45 4.57
1.82 1.49 4.86
1.89 1.5 5.14
1.94 1.51 5.4
1.97 1.5 5.66
1.99 1.48 5.92
1.99 1.45 6.16
1.98 1.42 6.4
1.94 1.37 6.63
1.9 1.32 6.85
1.83 1.26 7.05
1.76 1.19 7.23
1.67 1.12 7.4
1.58 1.03 7.54
1.49 0.95 7.66
1.39 0.85 7.76
1.3 0.74 7.84
1.21 0.63 7.9
1.12 0.52 7.94
1.05 0.39 7.96
0.98 0.26 7.98
0.92 0.13 7.98
0.86 -0.01 7.97
