94.688303715 211.811702819
48.1536464349 107.716639206
36.6198251231 81.9162157514
30.0152044254 67.142100031
25.6534183871 57.3850625527
22.5761330422 50.5013712899
20.3293471449 45.4754543804
18.6598470953 41.7408891333
17.4091984586 38.9432678119
16.4684509399 36.8388755476
15.7564245811 35.2461179461
15.2071627167 34.0174541489
14.7655121428 33.0295099526
14.3828477644 32.1735141177
14.017265467 31.3557298097
13.6341349277 30.4986912025
13.2069691052 29.5431484724
12.7211882297 28.456487603
12.1751902261 27.2351248545
11.5806760269 25.9052344673
10.9620913105 24.5214998667
10.3536152813 23.1603777554
9.79349748209 21.9074299237
9.31722253781 20.8420332168
8.95052667904 20.021757943
8.70599774356 19.4747622932
8.57989347414 19.1926750766
8.55673722804 19.1408760294
8.61377331916 19.2684621315
8.7267873301 19.5212672738
