1243.0 -273.5 1 1
1241.0 -400.0 2 2
1240.5 -278.0 2 3
1218.0 -336.5 6 4
1234.0 -281.5 8 5
1227.5 -284.0 9 6
1196.5 -298.5 10 7
1223.5 -287.0 10 8
1203.5 -296.0 11 9
1266.5 -480.0 12 10
1204.0 -300.0 12 11
1264.5 -477.5 13 12
1265.0 -418.5 13 13
1222.0 -417.5 13 14
1266.5 -368.0 13 15
1261.5 -335.5 13 16
1198.5 -298.5 13 17
1226.5 -412.5 14 18
1261.0 -367.5 14 19
1255.5 -332.5 14 20
1189.5 -297.0 14 21
1255.0 -506.5 15 22
1219.5 -409.5 15 23
1193.0 -295.5 15 24
1248.5 -364.0 16 25
1238.0 -328.5 16 26
1181.0 -297.0 16 27
1263.0 -498.5 17 28
1222.0 -487.5 17 29
1170.0 -292.5 17 30
1210.5 -495.0 18 31
1250.0 -477.0 18 32
1152.5 -292.0 18 33
1212.0 -499.0 19 34
1242.0 -472.5 19 35
1182.0 -405.5 19 36
1157.5 -299.0 20 37
1191.5 -436.0 21 38
1150.0 -299.0 21 39
1147.0 -402.5 22 40
1142.0 -297.5 22 41
1141.0 -296.5 23 42
1207.0 -492.0 24 43
1161.0 -471.0 24 44
1185.0 -409.0 24 45
1143.5 -408.0 24 46
1179.5 -343.5 24 47
1124.5 -291.0 24 48
1139.0 -472.0 25 49
1169.5 -341.0 25 50
1220.5 -495.5 26 51
1212.5 -465.5 26 52
1069.5 -468.5 29 53
1101.5 -298.0 29 54
1134.0 -348.0 31 55
1074.5 -292.0 31 56
1141.5 -386.5 32 57
1127.0 -340.0 32 58
1074.5 -288.5 32 59
1074.5 -292.5 33 60
1097.5 -380.5 34 61
1134.0 -343.0 34 62
1070.5 -293.0 34 63
1071.5 -470.5 35 64
973.5 -399.0 35 65
1134.0 -332.0 35 66
1066.0 -290.0 35 67
928.5 -374.5 36 68
1064.0 -292.5 36 69
1066.5 -472.5 37 70
890.5 -353.0 37 71
1067.0 -464.0 38 72
853.0 -332.0 38 73
1057.5 -463.0 39 74
1062.5 -384.5 39 75
1100.5 -315.5 39 76
820.5 -316.5 39 77
1045.5 -458.5 40 78
983.5 -363.0 40 79
1026.5 -328.5 40 80
791.0 -305.0 40 81
1034.0 -468.5 41 82
975.5 -367.0 41 83
764.5 -293.5 41 84
1034.5 -466.0 42 85
968.5 -374.5 42 86
1006.0 -305.5 42 87
1048.5 -297.0 42 88
740.0 -283.5 42 89
971.5 -383.0 43 90
717.0 -276.5 43 91
697.0 -270.0 44 92
960.5 -409.5 45 93
1097.5 -355.5 45 94
676.5 -265.5 45 95
659.0 -259.0 46 96
641.5 -254.5 47 97
980.0 -427.5 48 98
1017.0 -378.0 48 99
1056.5 -376.5 48 100
1071.0 -332.5 48 101
625.5 -251.0 48 102
996.0 -430.0 49 103
1019.0 -311.5 49 104
610.5 -247.0 49 105
1012.0 -432.0 50 106
1062.0 -331.0 50 107
596.5 -245.0 50 108
1042.0 -379.5 51 109
1024.5 -342.5 51 110
583.0 -242.5 51 111
1046.0 -433.5 52 112
570.0 -241.5 52 113
1049.0 -427.5 53 114
557.5 -240.5 53 115
1055.0 -421.5 54 116
1026.0 -376.5 54 117
546.5 -239.5 54 118
535.0 -239.5 55 119
524.5 -240.0 56 120
1069.0 -412.0 57 121
1040.5 -378.5 57 122
514.0 -240.0 57 123
1067.5 -412.5 58 124
1037.0 -376.0 58 125
504.5 -240.5 58 126
1063.0 -417.0 59 127
1032.0 -377.0 59 128
494.5 -242.0 59 129
1058.5 -427.0 60 130
997.5 -321.5 60 131
485.0 -243.5 60 132
1066.5 -434.5 61 133
476.0 -245.0 61 134
1062.0 -440.0 62 135
1031.0 -379.0 62 136
467.5 -247.0 62 137
1062.0 -446.5 63 138
1035.5 -380.5 63 139
459.0 -249.5 63 140
1057.5 -450.5 64 141
1037.0 -382.5 64 142
1053.5 -455.5 65 143
1036.5 -379.5 65 144
443.5 -252.5 65 145
1050.0 -392.5 66 146
436.0 -254.5 66 147
428.5 -258.5 67 148
1037.0 -467.5 68 149
421.5 -262.0 68 150
1036.5 -467.5 69 151
413.5 -265.0 69 152
1037.0 -465.5 70 153
407.0 -267.5 70 154
1036.5 -466.0 71 155
1057.5 -380.5 71 156
400.5 -271.5 71 157
1034.0 -464.5 72 158
394.0 -275.0 72 159