35 0.7 0.502470128168 0.709221341969 0.640709056955 22.208610385 13.576378677 0.37186875741 0.206580138872
35 0.7 0.576856885229 1.07544109081 1.18140288362 36.418776462 24.6699766957 0.558026845938 0.26242280932
35 0.7 0.547118142947 1.17747535554 1.34056139584 21.4534745791 13.1027962979 0.33541081702 0.240808978336
35 0.7 0.552944591345 1.03160266507 1.44027901578 28.4992562368 21.337505538 0.404909345481 0.255690389595
35 0.7 0.520961476737 1.19776139252 1.75629591703 28.0154437222 22.7832722898 0.497063572555 0.298497836515
35 0.7 0.56790498155 1.31343831308 2.44089673486 59.2768676331 31.2328908501 0.875993807906 0.371368755569
35 0.7 0.61774726089 0.923185855568 0.6813535301 9.57252069601 6.1661631756 0.186098132327 0.0746692893394
35 0.7 0.559960397387 1.74890098668 2.75920776209 16.5261281421 14.063004518 0.465186124488 0.379362077921
35 0.7 0.598065963453 1.11015237313 1.4993188393 25.5356971654 16.2519112684 6.44864093892 2.52452771902
35 0.7 0.549036881747 1.49189365002 2.13062951799 45.7421022347 31.5061281422 4.67834910972 2.25554025753
35 0.7 0.581653409128 1.70131749683 2.75148610296 30.8299303093 21.7474943515 0.783587049219 0.425051174934
35 0.7 0.501484424052 0.710841664906 0.595875461135 33.7288984994 19.9107072025 0.654959483469 0.227812737672
35 0.7 0.56144069166 0.947007978903 0.900583330824 1.10898023992 1.02314122575 0.162514338402 0.0599314833406
35 0.7 0.57204042374 0.726641557492 0.915018829755 61.1056848198 46.3888254258 0.651580132179 0.356965045368
35 0.7 0.567559428289 2.00467623851 3.80965326731 11.2592998069 9.78960500715 2.24683039742 2.29089342154
35 0.7 0.581483736416 0.896562713136 1.13043328522 14.3386987459 11.6075990057 0.276378213819 0.185755070629
35 0.7 0.618863570189 0.825936522432 0.609805919863 45.8063594007 25.3072482876 0.761677050139 0.273831281737
35 0.7 0.587715995484 2.36361772099 4.65253920702 14.7788665362 13.7371521447 0.724634458834 0.518401635168
35 0.7 0.563573227962 1.25332494971 1.31237650114 7.83111550867 7.94565260992 0.254866186101 0.198097595372
35 0.7 0.580209806616 1.38967122585 2.27251825142 11.953767514 12.5421603289 4.45508213557 2.64514310115
35 0.7 0.535077006159 1.97387183224 3.5560501955 21.2797607125 22.4322413414 0.69916333531 0.421934342884
35 0.7 0.559113210684 0.712724078875 0.630901960203 29.5440347216 19.7552613675 0.435561367942 0.219714222333
35 0.7 0.605717818235 0.75647504414 0.479120827168 52.1369779795 31.8374626929 1.19700743393 0.418263392059
35 0.7 0.568405462159 1.11618411209 1.63077837182 16.4645208538 13.0538131555 0.302046202221 0.192544407162
35 0.7 0.589514137722 1.36558080329 2.46713073557 32.3456773569 22.0920595261 0.563686160317 0.337041224543
35 0.7 0.587663034671 0.649425608 0.567449505381 4.38825007987 3.33726644992 0.132607444845 0.0730089948281
35 0.7 0.521453511702 1.40792420091 2.56938022749 23.1341541458 16.3191481659 0.484262089834 0.367159027943
35 0.7 0.534111204196 0.701154556927 0.78313177668 69.2263227327 37.6274147939 1.33467143285 0.447794444417
35 0.7 0.59348402724 0.998250820914 0.880320584977 9.12573423055 8.68195159031 6.22645610574 2.4497887509
35 0.7 0.579407748339 1.44029561456 1.9464146999 54.1574735361 29.9223117554 0.820943413786 0.365781785289
35 0.7 0.58435603884 0.94912752006 0.897845897333 3.13122646638 3.06399620615 0.135110527496 0.110950578176
35 0.7 0.501192150178 1.47247033292 2.72597352758 8.32135767524 7.6175811559 0.419895495501 0.322820681556
35 0.7 0.577902890045 0.680985848738 0.686753202621 17.0126319513 9.83030419845 0.247235522791 0.0812199740894
35 0.7 0.568385301257 1.17105831001 1.06696658589 30.8529232449 22.4634754438 0.407865261852 0.255822870193
35 0.7 0.573849863346 2.16358551993 4.13858146475 66.1120340684 55.9872214367 1.16468647831 0.373654308671
35 0.7 0.556833821865 0.759197209698 0.708839809584 45.8393845959 26.3291523509 0.8263309142 0.289297071723
35 0.7 0.601768211452 1.21966111857 1.40600533704 35.1719446901 26.2375916147 0.474695546684 0.280998472026
35 0.7 0.584459903233 0.807806080038 0.550387553517 58.2831085229 41.8150547915 0.688520204875 0.246097279295
35 0.7 0.541815343223 1.20213430923 1.44669175746 6.06631415529 6.41187251854 0.255722924497 0.15155730401
35 0.7 0.57487961381 1.56532392454 2.56651567259 18.9716206885 17.611498732 0.503051949995 0.292565506547
35 0.7 0.59569748997 0.6616364164 0.492463011181 6.99463685117 5.06312411846 0.119647180082 0.0690742639143
35 0.7 0.574053429008 0.723720525367 0.553569009506 35.8212915913 20.2415076165 0.550104568204 0.183488620776
35 0.7 0.535059566828 1.05322294067 1.16330957551 41.5982026045 31.3230753469 0.529667563442 0.310411200702
35 0.7 0.563961272947 0.718044794664 0.557129837851 17.1150485315 10.5508877302 0.241721199109 0.107642459939
35 0.7 0.565365780269 1.72676888976 2.91767309075 52.6057905796 42.3094164476 0.877347630621 0.342650059209
35 0.7 0.553967720095 0.930992782564 0.728301309391 11.2021711956 7.9475827162 0.233927904758 0.163622873281
35 0.7 0.569993164675 0.619428322754 0.547571150829 19.993950492 12.4866852346 0.353257508935 0.147647252822
35 0.7 0.488860016158 0.588818231836 0.48321630595 20.4563771731 14.1986502974 0.341457947572 0.158683671008
35 0.7 0.513389182811 1.30871402996 2.17971128759 37.8653504342 28.3560495119 0.98467601883 0.54792865218
35 0.7 0.573888894964 0.913248066864 0.996974281759 22.6046989769 19.1312145008 5.79038393912 2.46710792793
35 0.7 0.579806235456 1.1298595618 1.19442813257 3.66703651158 4.26103729015 0.118010818846 0.117688328025
35 0.7 0.566808382484 1.1209470501 1.52884483815 5.72124053358 5.15319151989 0.27520538401 0.249831909797
35 0.7 0.559015308154 0.727293688149 0.599751063398 17.7214727754 12.9012498295 0.298926067592 0.190690742835
35 0.7 0.540530743735 0.844462019503 0.749142553846 56.0363230721 39.2187977828 6.45215818129 2.43062813628
35 0.7 0.56080922063 0.756153099084 0.555216951907 1.61429814799 1.73320560681 0.0728882054465 0.0514399246319
35 0.7 0.573680173707 0.863282492675 0.634979250027 2.04464691492 1.87472883392 0.0773842653618 0.0490750218708
35 0.7 0.512264850567 0.798870742598 0.810450099377 49.8471513053 28.8222273369 0.997051210444 0.347786622878
35 0.7 0.54809134372 1.46925180839 2.30350829234 5.91796207111 5.53172201665 0.305663215023 0.242432674424
35 0.7 0.574505238461 0.661867075068 0.678563304249 37.0844605534 23.4880547796 0.863550440088 0.326022956641
35 0.7 0.539729513656 1.38706270523 2.25773128059 13.5658718862 14.6030519084 3.95239153184 2.5767665483
35 0.7 0.53646990121 0.953210797643 1.04290473963 47.8882087651 33.8691816096 5.56140705221 2.31816420844
35 0.7 0.647174207971 2.31153090615 4.73593441657 16.0472642326 16.2635319528 0.773359912872 0.524988598683
35 0.7 0.54540915602 0.760018137642 0.477847447234 7.32316522674 5.79701113438 0.149787804292 0.101798696013
35 0.7 0.593773097883 0.861701443965 0.677266476807 54.7847097076 40.4806627044 0.633801982217 0.309640653653
35 0.7 0.566421074511 1.2230679563 1.547672103 79.4025208075 63.1896888082 0.968914930375 0.354327827877
35 0.7 0.546681710335 1.53432046527 2.48459510076 21.5445587915 14.8819349316 0.448204479795 0.324311186968
35 0.7 0.558172939205 0.845696767431 0.928633800613 26.2017162031 18.247212168 0.410637910024 0.266142451915
35 0.7 0.511804566541 1.74625713742 3.62269201582 27.0587978959 22.1074632675 2.05319835637 2.09848577498
35 0.7 0.530784824876 0.911503987665 0.891747837702 51.319664524 30.4031740214 1.02285818413 0.37105573701
35 0.7 0.5177807753 0.620086770068 0.474589639829 14.031028276 10.3662930414 0.242256752966 0.158203816463
35 0.7 0.55265023062 0.612637183592 0.407656847392 18.3278429017 12.3163755817 0.226988615139 0.137108710754
35 0.7 0.567223965618 0.627665568363 0.478641607685 18.1259162819 11.6810643946 0.419421519679 0.154259974859
35 0.7 0.531012929234 0.783823479265 0.631979557561 10.0541199254 6.2087959591 0.164317766432 0.103723419146
35 0.7 0.630544997299 1.06336185597 1.11478948224 16.6084180603 9.56407592811 0.301915669243 0.122021158463
35 0.7 0.609536703493 0.831058219238 0.758906787628 47.1919605517 26.7215953394 0.901099129637 0.325264059249
35 0.7 0.518865280453 1.49272468089 2.63093381935 44.0593921634 24.4729211569 0.771163019193 0.37090157212
35 0.7 0.578030624716 1.31487002181 2.09324945953 64.1741185202 34.2611371724 1.05459932877 0.425359140495
35 0.7 0.555502483008 0.989305789013 1.04564265231 21.4751614381 13.0604869401 0.310929396434 0.157772989282
35 0.7 0.561114936033 0.857756074085 1.16442905709 20.6541210406 12.2360052849 0.370052943249 0.20023558999
35 0.7 0.549512893509 1.17305455384 1.05981648024 47.2567048508 30.1129574402 1.04307830311 0.425380398598
35 0.7 0.575664450452 1.45089794201 2.07417798326 9.38134781456 8.11485719311 2.87064891914 2.54348298037
35 0.7 0.581072708961 0.918263610149 0.749913626033 24.1025354932 17.4201276997 0.339763449277 0.214918069003
35 0.7 0.574527504516 1.51099644309 2.25349039381 16.454143764 16.7175924201 4.35477977572 2.55370276166
35 0.7 0.510755570171 1.2169670322 1.94126616888 16.3234375003 13.0068828378 0.364148800341 0.298617277976
35 0.7 0.571769776769 0.845048418158 0.781470959585 8.0187198672 8.23760381166 4.97854004274 2.705752773
35 0.7 0.516913018666 1.11969428428 1.13576314954 29.9028305973 19.6404678158 0.624888468686 0.281223527216
35 0.7 0.565526146104 1.48821159047 2.10127967098 19.9779061613 16.3739528647 0.392375287212 0.227934562966
35 0.7 0.567540450543 0.813291875837 0.863901482688 28.0115055436 16.0204236204 0.419824905645 0.199690096768
35 0.7 0.603131331429 0.936224317601 0.737389109126 31.6900213097 21.0590823774 6.49996657766 2.49145470338
35 0.7 0.577986781477 2.23146037631 4.51503594362 20.8419232358 22.5068672006 0.774297849498 0.485475188063
35 0.7 0.562049880691 1.70215584967 2.51078924722 42.7359069082 31.7599420563 1.10758754474 0.597516459621
35 0.7 0.57696750729 1.11701533583 1.4656936385 27.0521661363 21.1860545603 0.444200348579 0.274402403694
35 0.7 0.552871979852 1.18524255777 1.47885989017 13.9417765907 9.05200766119 0.281926262345 0.193327409193
35 0.7 0.553492354182 0.95646098611 1.1063761538 32.4559457179 18.7685059235 0.53450857607 0.221311401345
35 0.7 0.54152034004 1.518004794 2.51184079652 34.1081495379 27.1578601939 4.60365739759 2.46068078558
35 0.7 0.566550867521 1.45294662778 2.50668258273 13.1252194013 14.2564787596 3.80401022733 2.59402890793
35 0.7 0.547062715172 2.06073647685 4.11972481017 13.601980486 14.8712172566 0.583572919717 0.47350426257
35 0.7 0.558523952229 1.75251165295 3.04075693411 30.2765805994 18.7416031125 0.544800603454 0.351143526122
35 0.7 0.575014135589 0.943170666965 1.11273170035 4.97604092229 5.00479419973 0.286321932379 0.15243506465
