0.0 0.0 8.33
0.24 2.4 8.39
7.67 2.42 8.36
7.25 0.0 8.26
0.0 0.0 0.0
0.27 0.76 1.65
0.36 1.14 2.5
0.49 1.44 3.09
0.65 1.65 3.58
0.62 1.76 3.95
0.75 1.9 4.41
0.7 1.99 4.74
0.77 2.11 5.08
0.89 2.12 5.38
0.88 2.14 5.62
0.84 2.15 5.91
0.89 2.13 6.08
0.98 2.11 6.3
1.03 2.08 6.56
1.05 2.02 6.73
1.01 2.0 6.84
1.1 1.95 7.21
1.0 1.87 7.29
1.01 1.69 7.46
1.05 1.57 7.55
1.04 1.46 7.79
1.02 1.34 7.86
1.08 1.2 7.97
1.04 0.94 8.08
1.06 0.89 8.16
1.04 0.7 8.29
1.01 0.54 8.51
1.15 0.36 8.56
1.05 0.19 8.54
1.04 0.01 8.71
