106.721770408 238.729801158
54.0738310778 120.959715077
39.0780778239 87.4151704277
32.545703923 72.802666189
22.4949425751 50.3197533878
28.9880430907 64.8444055657
19.4083922129 43.4153368716
21.6780125012 48.492332859
18.8064916379 42.0689236325
13.7687885518 30.7999027808
17.184262429 38.4401002442
10.0888712869 22.5681623068
13.7012352121 30.6487902638
15.423834149 34.5021343388
10.5336686685 23.5631457114
7.38927546775 16.5293384506
21.8375937043 48.8493058434
8.98581834372 20.1007031484
14.2371654878 31.8476321465
9.15114894721 20.4705371752
15.3699997968 34.3817103227
8.13786029173 18.2038750095
10.9071043116 24.3984974534
16.2225971206 36.288916217
5.50115133513 12.3057250583
13.3435723744 29.8487212826
15.7866164713 35.313655281
13.2797324972 29.7059155446
11.5595879773 25.8580618438
14.2479469837 31.8717496657
