-0.0 -0.0 15.02
-0.07 1.77 15.56
6.27 2.11 20.04
5.74 -0.0 17.65
0.0 0.0 0.0
0.12 0.06 0.28
0.21 0.12 0.56
0.34 0.21 0.85
0.45 0.28 1.16
0.59 0.36 1.47
0.71 0.44 1.79
0.83 0.49 2.12
0.94 0.57 2.47
1.06 0.63 2.8
1.18 0.7 3.15
1.3 0.76 3.49
1.41 0.83 3.85
1.54 0.91 4.22
1.64 0.96 4.58
1.76 1.03 4.95
1.86 1.1 5.33
1.98 1.16 5.69
2.08 1.22 6.05
2.19 1.3 6.44
2.27 1.34 6.8
2.38 1.42 7.21
2.45 1.47 7.58
2.56 1.54 7.97
2.63 1.59 8.33
2.73 1.65 8.7
2.81 1.7 9.05
2.88 1.75 9.41
2.96 1.81 9.79
3.03 1.85 10.13
3.11 1.91 10.5
3.17 1.94 10.8
3.25 2.0 11.14
3.3 2.02 11.45
3.38 2.08 11.82
3.43 2.08 12.08
3.49 2.12 12.39
3.53 2.14 12.65
3.59 2.18 12.96
3.63 2.19 13.22
3.67 2.21 13.51
3.71 2.22 13.77
3.75 2.23 14.03
3.79 2.24 14.3
3.83 2.24 14.54
3.88 2.25 14.79
3.91 2.24 14.98
3.95 2.25 15.24
3.98 2.24 15.45
4.01 2.24 15.66
4.04 2.22 15.83
4.07 2.21 16.06
4.09 2.18 16.23
4.12 2.18 16.45
4.14 2.13 16.6
4.18 2.13 16.81
4.2 2.09 16.97
4.24 2.08 17.18
4.25 2.03 17.32
4.28 2.01 17.49
4.3 1.97 17.64
4.32 1.93 17.76
4.35 1.91 17.89
4.38 1.86 17.99
4.4 1.85 18.13
