17.8327175225 39.8906529754
17.8042613324 39.8269982911
19.072328797 42.6635844208
19.4149299766 43.4299614326
20.2275395536 45.2477172848
20.3603902218 45.5448957657
20.5934109276 46.0661482389
21.9007525895 48.9905882458
20.7561758622 46.4302430278
21.2710562113 47.5819975656
21.5367037963 48.1762342889
22.3228120354 49.9347083367
22.7988819411 50.9996463855
21.9865582796 49.1825301077
22.8835246737 51.1889867856
23.0522989362 51.5665240583
22.6879404446 50.7514773258
21.7931527638 48.7498942908
23.7034157293 53.0230308419
21.6617704682 48.456000466
24.7643897982 55.3963622394
22.1972948615 49.6539344155
23.7873682391 53.2108272577
21.4421047849 47.9646223272
22.4192193977 50.1503654641
21.1673002517 47.3499020944
21.8233808414 48.8175125746
22.7138212448 50.8093710271
19.9411681616 44.6071227256
22.2339309384 49.7358869855
17.7921537699 39.7999144451
20.9607060132 46.8877639449
18.3044801343 40.945955882
22.0352761884 49.2915089659
15.3296013608 34.2913415952
18.2043997135 40.7220823569
15.3891067661 34.4244513957
18.4816482667 41.3422697067
15.5019475514 34.6768690434
16.7744670759 37.5234141474
15.5765710029 34.8437969502
15.3596224394 34.3584968354
15.628042967 34.9589364546
14.1426508004 31.6362088122
14.7868742734 33.0772956779
11.2383531041 25.1394798984
15.3751507495 34.3932326758
12.06658395 26.9921795341
12.4044450926 27.7479533849
10.3205273908 23.0863622524
13.56270301 30.3389025536
10.0301758797 22.4368644204
12.6478201384 28.2923678571
9.11366204308 20.386681359
12.8077598589 28.650142822
9.77716949275 21.8709052518
11.9455166817 26.721359768
8.75966188548 19.5948055598
9.92812915203 22.208592392
9.20857605034 20.5989979462
7.10650906499 15.8968080227
8.06058516715 18.031015479
6.72842287803 15.0510533103
8.17479337901 18.2864919728
