0.0 -0.0 8.38
0.24 2.4 8.44
7.67 2.41 8.41
7.25 -0.0 8.31
0.0 0.0 0.0
0.2 0.74 1.65
0.33 1.24 2.55
0.45 1.42 3.15
0.61 1.59 3.58
0.68 1.77 4.07
0.64 1.94 4.46
0.78 2.04 4.87
0.81 2.08 5.11
0.76 2.14 5.48
0.85 2.11 5.64
0.93 2.18 5.85
0.95 2.15 6.15
0.93 2.12 6.27
0.98 2.19 6.7
1.01 2.0 6.76
1.1 1.94 6.82
0.99 1.91 7.23
1.09 1.82 7.31
1.02 1.73 7.41
1.05 1.63 7.7
1.14 1.58 7.86
1.04 1.4 7.89
1.1 1.22 7.98
1.09 1.07 8.13
1.1 0.83 8.25
0.96 0.68 8.32
1.01 0.51 8.39
1.12 0.38 8.57
1.01 0.19 8.67
1.05 -0.08 8.72
