105.701085902 236.446594947
60.0156360894 134.251154336
36.9519704632 82.6592037161
28.0886351278 62.832487254
30.919684095 69.1653634275
24.4397956432 54.6702657946
25.9186298515 57.9783237019
14.1595072676 31.6739156554
22.3103212114 49.9067671593
10.6308693948 23.7805775435
13.6993617128 30.6445993652
17.5152897312 39.1805872296
7.39785442056 16.5485290215
24.9642373299 55.8434084354
11.782695154 26.357138384
7.45021967623 16.6656667622
24.612529697 55.0566608679
9.07239056681 20.294359696
8.34086739588 18.6579889679
17.8417440745 39.9108447971
11.0965347488 24.8222412729
12.1213194197 27.1146192926
12.3980915083 27.7337408217
11.9351376131 26.6981424529
15.6915114182 35.1009113364
12.3983067397 27.7342222806
11.0857543101 24.7981261183
14.3962437344 32.2034800492
13.9428720717 31.1893165241
16.1396269815 36.1033173019
