-0.0 0.0 8.35
0.24 2.4 8.42
7.67 2.41 8.37
7.25 -0.0 8.26
0.0 0.0 0.0
0.22 0.79 1.66
0.36 1.16 2.49
0.45 1.43 3.1
0.54 1.63 3.61
0.61 1.79 4.05
0.68 1.91 4.43
0.74 2.0 4.77
0.79 2.07 5.08
0.83 2.11 5.37
0.87 2.14 5.64
0.91 2.15 5.89
0.94 2.14 6.12
0.96 2.12 6.35
0.99 2.08 6.57
1.0 2.03 6.76
1.02 1.96 6.95
1.03 1.88 7.13
1.04 1.8 7.3
1.04 1.7 7.46
1.05 1.58 7.62
1.05 1.46 7.76
1.04 1.33 7.9
1.04 1.19 8.02
1.05 1.04 8.13
1.04 0.88 8.24
1.05 0.71 8.34
1.04 0.54 8.43
1.03 0.37 8.51
1.04 0.18 8.58
1.03 -0.01 8.66
