107.28008062 239.978705534
53.2837500692 119.192354197
39.2878648228 87.8844505788
32.3804757713 72.4330613402
27.0191406288 60.4400961973
23.4784584683 52.5198157811
20.6528944809 46.199209158
18.8557683441 42.1791524848
16.9963217594 38.0196889402
16.2050725662 36.2497149053
14.3363323253 32.0694620439
13.9097040308 31.1151217296
13.4150275957 30.0085620603
12.7640529314 28.5523732097
11.4658672012 25.6484144387
11.7830466767 26.357924718
11.5459062639 25.8274567226
11.1986228263 25.0506057982
10.815901614 24.1944828293
11.2899089774 25.2548071023
10.6596037795 23.8448545313
11.0883946088 24.8040322982
10.9006189283 24.3839900643
10.9053194555 24.394504844
11.0445380235 24.7059279111
11.3753536722 25.4459414409
10.9349277477 24.4607367073
11.4273967785 25.5623585541
11.7336647959 26.2474605967
11.9414767491 26.7123226962
