0.0 0.0 11.61
-0.02 1.78 12.1
6.55 2.18 16.23
5.87 0.0 13.94
0.0 0.0 0.0
0.07 0.06 0.35
0.14 0.12 0.72
0.21 0.18 1.08
0.28 0.25 1.46
0.35 0.31 1.82
0.41 0.37 2.18
0.48 0.43 2.54
0.55 0.49 2.91
0.61 0.55 3.26
0.67 0.6 3.62
0.73 0.66 3.97
0.79 0.71 4.33
0.85 0.77 4.67
0.91 0.82 5.01
0.97 0.87 5.34
1.03 0.92 5.68
1.09 0.96 5.99
1.15 1.01 6.32
1.2 1.04 6.62
1.26 1.07 6.92
1.32 1.1 7.22
1.38 1.14 7.53
1.44 1.16 7.81
1.5 1.19 8.1
1.56 1.21 8.37
1.62 1.22 8.66
1.68 1.24 8.93
1.74 1.25 9.2
1.8 1.26 9.46
1.87 1.27 9.71
1.93 1.27 9.96
1.99 1.27 10.21
2.06 1.27 10.47
2.13 1.26 10.72
2.19 1.26 10.96
2.25 1.25 11.2
2.32 1.24 11.43
2.38 1.22 11.66
2.45 1.21 11.9
2.52 1.17 12.13
2.59 1.16 12.38
2.66 1.14 12.62
2.73 1.11 12.84
2.8 1.08 13.07
2.87 1.05 13.29
2.94 1.02 13.51
3.01 0.98 13.72
