21.0746390679 47.1426249297
22.2619498655 49.7985635402
21.6166971757 48.3551743822
22.7104079837 50.8017357794
21.1304137233 47.2673892805
21.8240050502 48.8189088899
21.5458984484 48.1968021399
21.7999402532 48.7650774722
21.158468883 47.3301468852
20.9706834426 46.9100828188
21.3717281428 47.8071942628
21.0796591763 47.1538545923
20.3019880898 45.4142539172
20.607992421 46.0987661105
19.355973141 43.2980787473
20.0265002055 44.7980050713
18.7763718566 42.0015476007
19.6352950402 43.9229040403
17.4948466544 39.1348573693
18.2144544748 40.7445742173
17.7292081049 39.6591090028
18.5701963592 41.5403461483
16.2695431216 36.3939314304
17.5130833636 39.1756517259
16.1593507635 36.1474381456
16.8296083478 37.6467616596
16.2135745618 36.2687333279
16.3852227839 36.6526994651
14.9738363845 33.4955180091
15.4985646112 34.6693016217
14.711426431 32.9085236612
15.0791426515 33.7310814193
15.220143232 34.0464907346
15.1702691007 33.9349254805
14.4673306641 32.3624969819
14.4356108059 32.29154168
13.9482802212 31.2014142099
13.7411685076 30.7381185017
14.756674913 33.0097416326
14.1427280685 31.6363816561
14.8469852454 33.2117600925
14.5109273375 32.4600199627
13.6806403655 30.6027209041
13.935456332 31.1727279868
13.4336401616 30.0501971842
13.8562663888 30.995585129
12.4343053766 27.8147489379
