35 1.0 0.751439312794 1.94356625313 3.09419463349 26.800534455 18.7436075599 0.522983703347 0.396713462053
35 1.0 0.794897781755 1.50627455454 1.50303471197 30.4596000579 17.2794475935 0.498008696373 0.24467597661
35 1.0 0.761717473572 1.74792588885 2.8618897023 38.7366649101 22.6297542263 0.646365159224 0.393207535979
35 1.0 0.80663679367 2.83128291388 4.73975732925 40.5844734219 31.9214959982 1.7761407598 1.89102144548
35 1.0 0.848120870288 1.02858196725 0.974802394237 41.4433656308 26.0787653321 0.968516108731 0.369052420606
35 1.0 0.841474787274 1.21898004343 0.968855014536 87.0648655448 48.2368706978 1.8976903078 0.631716739534
35 1.0 0.81029894961 1.92935641671 2.81395731594 24.4602299659 22.44478918 0.597706259359 0.344064494504
35 1.0 0.834426845012 1.41439090402 1.83128867587 46.7637524478 35.805618629 0.614753323696 0.310112045765
35 1.0 0.779644894639 2.71717784021 4.62708767434 11.7202623719 12.6494764954 0.53586721629 0.426031443214
35 1.0 0.900713390839 1.56140686999 2.00624028902 28.3778650848 18.5978887984 5.88635004033 2.4747183078
35 1.0 0.772984895669 1.75515834956 2.18424581173 81.750612566 65.0651943182 1.00661451791 0.35578075799
35 1.0 0.727189041068 0.931598037839 0.771597537446 59.0889306155 34.7316634233 1.21803221515 0.436894002819
35 1.0 0.797137670545 3.06112333389 6.64046965384 63.191554707 37.912794519 1.0043562241 0.684875767328
35 1.0 0.85220121683 1.21632596244 1.06618438685 24.1305454158 15.8804040487 0.375777323409 0.148515122125
35 1.0 0.837609038619 1.31613178027 1.07085528421 4.89350840623 4.71818373329 0.176703086868 0.0834487389147
35 1.0 0.859182813289 1.2153949218 1.22820354003 8.77407123153 8.65423385481 0.231734204375 0.194813318888
35 1.0 0.921564500684 1.5794440066 1.57318076674 33.9327701722 22.8232708391 0.731724537781 0.421849955262
35 1.0 0.872842380935 1.64910785249 2.25681748832 93.5470035285 48.6394250946 1.4937011983 0.552077696444
35 1.0 0.844292521836 1.53672625478 2.00383406513 16.3842261028 15.4303707378 0.415520795442 0.271246648726
35 1.0 0.780717590921 1.16512270583 1.10952726634 21.9934390986 12.6891759233 0.334401023776 0.153310457331
35 1.0 0.930548631628 1.67958850748 1.66596217125 12.4424982928 8.47077558317 0.247665682655 0.187872128802
35 1.0 0.769390735088 1.20078589446 1.10979138315 16.4612838479 9.92949479094 0.42788282759 0.201386699701
35 1.0 0.85969175997 0.908236222514 0.837711941181 10.8136711329 6.9494298526 0.165449782252 0.0655347857577
35 1.0 0.787499491964 1.30281429387 1.84975574345 55.4639004905 43.209741715 0.651412337387 0.322486972309
35 1.0 0.947004073125 1.75957168155 2.32783774815 42.8593667342 30.3071000736 5.82924571886 3.03984739779
35 1.0 0.784475902134 0.785091149743 0.600346153893 22.5064278806 15.0268471471 0.316725140742 0.112365755025
35 1.0 0.7143148063 0.96349175001 0.852113637819 18.5527152327 12.5180483808 0.330601010612 0.135825001666
35 1.0 0.774745058026 1.46485975151 1.88750188299 21.8867187574 13.1901964675 0.540576134774 0.194076555986
35 1.0 0.774916499551 1.2006621943 1.41583551652 24.9972630432 19.27379927 6.33065707937 2.80211649372
35 1.0 0.861135350711 1.82010520897 1.62092866755 30.7771613839 22.9593732158 0.415779834805 0.257667208398
35 1.0 0.787380423275 1.58921013141 1.71427931447 67.3623515656 35.2135889324 1.01203934868 0.399734846247
35 1.0 0.776012959809 1.0715001663 1.03119305352 6.4238424851 5.80782165898 0.252407775019 0.247082378363
35 1.0 0.808958545513 2.22825620672 4.0341363961 17.929657963 13.912908671 0.541104917105 0.410620199024
35 1.0 0.799159488337 1.72980695116 2.23119817973 8.18201014704 8.17077886204 2.79753270367 2.5862246278
35 1.0 0.837470306179 1.53649893406 1.67316880366 7.249296005 6.5247160322 0.359602121516 0.257805577216
35 1.0 0.689959357954 1.08964657769 1.01707808629 22.3369527417 17.1202895526 0.537964159437 0.328243726747
35 1.0 0.782671838401 1.41811198741 1.23636692931 44.3283428708 30.1030291923 1.09967756916 0.487596009318
35 1.0 0.793645346458 1.47004881132 1.46842646998 59.3008969804 42.2497220396 0.73132010305 0.250288159267
35 1.0 0.769772544259 1.55266422708 2.16539651338 6.06463751957 5.60169362372 0.278801115465 0.261356458691
35 1.0 0.876508701442 0.929377746914 0.655047333961 38.0822740118 26.6788032268 0.475493710443 0.172340538174
35 1.0 0.773485298936 1.6193695247 1.31783293838 22.2605213357 15.0706240156 0.405978818857 0.252425912349
35 1.0 0.815621547809 1.13488760424 0.938439847688 28.7458993387 20.5398019005 0.403364548903 0.23356536588
35 1.0 0.779352931071 0.997933094949 0.776803698066 24.1451185469 16.7960766183 0.33294134824 0.153013485419
35 1.0 0.82468605011 0.862148565748 0.658606570374 49.1621603583 27.7896841002 0.958962219308 0.323506947863
35 1.0 0.742771079349 2.22315947058 3.46289758732 17.8074446481 17.9932428033 2.3244647301 2.05084273935
35 1.0 0.755427643425 1.32501148069 1.38093759526 6.66520486156 6.27750771921 4.8679742315 2.74636265436
35 1.0 0.790908857098 1.58327996897 1.96715848693 39.5702403748 28.4924998461 5.31174053705 2.46371608365
35 1.0 0.824967260812 1.20946558883 0.998674077191 1.6316587465 1.49229356175 0.0566674376102 0.0572978678058
35 1.0 0.87375266908 1.88923301723 2.794765564 15.4155332038 9.79306922976 0.361225276931 0.203281267582
35 1.0 0.763677984285 1.21096676543 1.21899167474 21.7524197436 14.143817876 0.526525678076 0.213297972926
35 1.0 0.81449270727 1.04085231494 0.934826819505 49.3565314144 34.358148584 5.23039453335 2.28053107552
35 1.0 0.819686095057 2.49690256983 4.48179866848 31.3075093305 23.4724901622 0.877218850448 0.446152400408
35 1.0 0.796618263726 0.811393932513 0.634135410291 27.1447120194 18.6604617 0.352610564019 0.201459343807
35 1.0 0.850896051978 1.61774205784 1.88251167749 26.6632950481 19.3073463049 0.374843556254 0.191188960512
35 1.0 0.787225922312 1.05363202014 0.973043749102 4.92308354099 4.89746892288 0.237152765614 0.154501374181
35 1.0 0.770970317683 1.45749406979 1.16135061135 22.958550608 14.9135153338 6.49305056894 2.52456408943
35 1.0 0.795911053576 2.62048674749 5.31032660334 17.1930510538 16.8676717468 0.864656145065 0.6636452511
35 1.0 0.818866326428 1.58109878753 2.15586416749 83.5014822027 63.5512857898 5.65390721714 2.20495035293
35 1.0 0.779206061262 1.44931546721 1.70048397234 29.4045811628 24.3691738534 0.58688717511 0.354490230959
35 1.0 0.859970251959 0.945065957256 0.713311047117 9.59310902755 8.0239699114 0.286047472451 0.163022365446
35 1.0 0.713674553027 0.754202190785 0.769365487267 16.2569436261 11.0609011913 0.228131585807 0.108564032417
35 1.0 0.801515585443 1.35012488051 1.19045258486 8.06674009997 7.65644986233 0.231934076917 0.214537418285
35 1.0 0.801767768533 1.33300723421 0.988523968751 72.4736606066 39.991405476 1.41175341378 0.47904814309
35 1.0 0.786809138018 1.36398588802 1.2963255097 4.89455778358 4.24576085446 0.232696586271 0.19633902269
35 1.0 0.751633077267 1.08106207438 0.702959669158 64.868509881 48.8931049312 0.650241740314 0.353276784347
35 1.0 0.783420287195 1.29538979813 1.10735134904 1.91882788033 2.2682212692 0.0800281136 0.0901372968421
35 1.0 0.859811895834 2.19270053726 3.81567380749 15.7818449263 17.031883176 0.600770514119 0.400936436674
35 1.0 0.771608964581 1.2056271418 1.10504042535 21.3941451017 14.1109163584 0.554449264862 0.214749154063
35 1.0 0.809010316487 1.20257129598 0.880263307126 67.8530481587 39.5784095309 1.43277558222 0.505015047972
35 1.0 0.767386077801 1.22765976321 1.3332061415 76.0263549319 59.8127584376 0.896870867221 0.391891018475
35 1.0 0.796116761615 1.70128866917 2.0084601361 116.087422214 98.0556959823 1.52193200298 0.419547153387
35 1.0 0.84313580167 2.25611590616 4.01929293246 47.5469173383 42.025033744 1.01101946812 0.429287199689
35 1.0 0.724419178707 0.931156122265 0.901849497036 55.1237528399 31.6866013516 1.12418288071 0.391819270402
35 1.0 0.792649742054 1.20228721339 0.886539066606 78.3613461963 58.2322364558 6.45926454841 2.39990026147
35 1.0 0.841347602406 2.35591990797 3.74183770503 14.1515197854 15.8430755012 0.552102891752 0.351545181076
35 1.0 0.842669334414 1.21967387965 0.952100065588 6.59380098537 4.1859750998 0.129188029168 0.0544405188617
35 1.0 0.879860235519 2.10536992881 3.21708029769 49.0319656415 27.6328259481 0.81607347594 0.4141771597
35 1.0 0.849946122746 1.30914353756 1.14930834568 54.0432592596 30.0623573441 1.0058877977 0.364792116315
35 1.0 0.795968584513 1.92525833682 3.03862880517 85.4026121897 56.2694940819 5.52431788495 3.25661700691
35 1.0 0.726254629924 1.07242182612 0.890889665459 40.9997165093 25.48359028 0.957190356555 0.330200276392
35 1.0 0.737939414803 0.962785925891 0.749573257834 31.8757662162 19.7165728918 0.505320438905 0.232626919722
35 1.0 0.800654975484 0.997153679083 0.951195224555 19.2559814756 10.9691298055 0.297574332295 0.161164311359
35 1.0 0.897729226847 3.63859824628 9.43307819912 82.5466813063 52.0146526683 1.26001375792 0.827235322512
35 1.0 0.829954132661 2.38116227411 4.73530866827 21.3001529514 20.0181247547 0.968653378583 0.657735395829
35 1.0 0.851976625307 2.03382048507 2.46696788709 47.7402227424 34.9345548804 0.709979535228 0.445222771621
35 1.0 0.819471750271 1.97220174593 3.18674016388 144.078791309 96.081509522 10.085376728 5.16955235064
35 1.0 0.904525220595 1.17559943063 0.816951827126 20.2519912547 13.4456097132 0.283696228408 0.127757154154
35 1.0 0.729717288395 0.991598439677 0.62301732945 24.7839338195 19.1560155329 0.434931966927 0.277342656109
35 1.0 0.772967460941 2.4259744482 4.7148778016 84.4696386237 61.6643365269 3.29702520189 1.93258246376
35 1.0 0.784317448634 1.41314856268 1.62256452131 6.38893911701 5.06358171111 0.255163166711 0.129886386408
35 1.0 0.772689566216 1.08498960651 0.98885621039 61.7045911784 47.2232461585 0.676846935465 0.362897148637
35 1.0 0.79104610358 1.16534746851 0.907736305547 89.6356952032 70.1075417657 0.905151568744 0.409968457812
35 1.0 0.808464686227 0.901386577093 0.646006552572 8.85946829625 5.51676376787 0.112442301729 0.0681631337237
35 1.0 0.80902287076 1.21624834663 1.04147265885 31.1626334973 19.0443961081 0.56764006896 0.229269969972
35 1.0 0.860944034861 1.00373485886 1.04418314648 72.8962270858 40.8228486554 1.48750979443 0.520574507875
35 1.0 0.819288336174 1.88459894588 2.10592604931 35.5229030242 28.4411967898 0.578097030931 0.296579589128
35 1.0 0.862319315825 2.09361370291 3.40987129454 69.4194705063 57.4674791038 1.11986733702 0.349066644597
35 1.0 0.762472139179 2.17750394074 4.03842276352 97.5665427647 84.0663684449 1.55065424939 0.432997413062
35 1.0 0.741279670195 1.24314813233 0.794422161471 94.1630782981 47.8775059743 1.62693864893 0.535955535189
