604.792877336 -306.400395704
604.792877336 -175.617358153
829.619060319 -215.661562513
829.619060319 -318.041152591
1024.61538462 -283.076923077
919.034358445 -232.973209161
873.906729719 -212.650848811
842.428318476 -199.53419499
818.173891239 -190.460528182
798.452600071 -184.094255857
781.850733354 -179.728564504
767.527885139 -176.940296843
754.942885157 -175.454859772
743.727070415 -175.083447859
733.618530909 -175.69017469
724.425202882 -177.173529701
716.002698042 -179.454964988
708.240235597 -182.471670819
701.051524964 -186.171699149
694.368394889 -190.510598979
688.136347652 -195.448967963
682.311315847 -200.950871267
676.857214108 -206.982571433
671.744131333 -213.511785923
666.946831329 -220.50719048
662.443738956 -227.938166528
658.216039781 -235.774717719
654.247031302 -243.987497206
650.521621728 -252.547913035
647.025976131 -261.428265627
643.747266006 -270.601900464
640.673467736 -280.043344726
637.793114752 -289.728439608
635.09542388 -299.634416531
632.570046979 -309.739978825