6.66666666667 4.72222222222
5.27777777778 4.72222222222
7.30769230769 4.61538461538
5.38461538462 2.69230769231
6.66666666667 3.33333333333
5.27777777778 3.33333333333
7.30769230769 2.69230769231
5.38461538462 4.61538461538
6.12903225806 3.87096774194
6.12903225806 2.58064516129
6.12903225806 5.16129032258
6.12903225806 4.83870967742
6.12903225806 4.51612903226
6.12903225806 4.1935483871
6.12903225806 3.54838709677
6.12903225806 3.22580645161
6.12903225806 2.90322580645
5.55555555556 4.44444444444
5.71428571429 4.28571428571
5.86206896552 4.13793103448
6.0 4.0
6.25 3.75
6.36363636364 3.63636363636
6.47058823529 3.52941176471
6.57142857143 3.42857142857
7.03703703704 4.44444444444
6.78571428571 4.28571428571
6.55172413793 4.13793103448
6.33333333333 4.0
6.12903225806 3.87096774194
5.9375 3.75
5.75757575758 3.63636363636
5.58823529412 3.52941176471
5.42857142857 3.42857142857
5.42857142857 4.57142857143
5.58823529412 4.41176470588
5.75757575758 4.24242424242
5.9375 4.0625
6.33333333333 3.66666666667
6.55172413793 3.44827586207
6.78571428571 3.21428571429
7.03703703704 2.96296296296
5.55555555556 2.96296296296
5.71428571429 3.21428571429
5.86206896552 3.44827586207
6.0 3.66666666667
6.25 4.0625
6.36363636364 4.24242424242
6.47058823529 4.41176470588
6.57142857143 4.57142857143