35 2.8 2.22998773104 17.4341792469 0.314521845926
35 2.8 2.2712448181 17.449338255 0.341126237119
35 2.8 2.46728676731 17.4605014056 0.272721086819
35 2.8 2.14533224938 17.4488394434 0.286889591539
35 2.8 2.1889470579 17.4638594354 0.310982044844
35 2.8 2.27838783045 17.4265219484 0.279432722018
35 2.8 2.40873074921 17.4629510996 0.310005721646
35 2.8 2.1903605349 17.4719605549 0.289309626545
35 2.8 2.23236271786 17.4839316438 0.314654942181
35 2.8 2.21972270721 17.4754946987 0.307245447037
35 2.8 2.32248210198 17.4253991612 0.324276569669
35 2.8 2.03807958636 17.440253232 0.310730949521
35 2.8 2.18280805505 17.5024563548 0.340525316977
35 2.8 1.95978068975 17.447812677 0.30485612794
35 2.8 2.06343610952 17.444888557 0.330436387823
35 2.8 2.30773951237 17.4681084063 0.276853624193
35 2.8 2.25672782214 17.4651441833 0.2823902742
35 2.8 2.10886641857 17.4628496857 0.277853882757
35 2.8 2.08282950896 17.4553597985 0.283490806169
35 2.8 2.21619669303 17.4775792393 0.320251394657
35 2.8 2.35450833052 17.4808832274 0.301992704564
35 2.8 2.40903938403 17.4921069031 0.295194396844
35 2.8 2.19047762796 17.4467307445 0.280667611932
35 2.8 2.16159836009 17.4468516525 0.289277470116
35 2.8 2.17720079129 17.454697843 0.326711842349
35 2.8 2.13478557498 17.4504531895 0.331915931019
35 2.8 2.40434685606 17.4549359044 0.292382712892
35 2.8 2.2383254427 17.4341041747 0.32058389626
35 2.8 2.14074182594 17.4852388597 0.340770728901
35 2.8 2.03835558311 17.4576782791 0.278783821136
35 2.8 2.57466304423 17.4761965353 0.336427574068
35 2.8 2.25622160242 17.4951818006 0.274296409214
35 2.8 2.41652761687 17.4634972342 0.277568905526
35 2.8 2.21906671521 17.4556029897 0.354764369554
35 2.8 2.22924966689 17.4629119944 0.334561544445
35 2.8 2.20611733923 17.4465640973 0.321213122956
35 2.8 2.01156592538 17.4133704056 0.271526294351
35 2.8 2.45371481053 17.4431728708 0.278224754191
35 2.8 2.13994317253 17.4669488483 0.282306411763
35 2.8 2.17498436633 17.43186528 0.287897763845
35 2.8 2.42195525973 17.450543352 0.257593609165
35 2.8 2.24372651442 17.4252409527 0.316702524712
35 2.8 2.09624050318 17.4564303641 0.297067909773
35 2.8 2.29487674495 17.4375723999 0.299042230321
35 2.8 2.34566085579 17.4760062553 0.293169507871
35 2.8 2.29493734693 17.4148735123 0.287757535994
35 2.8 2.13901797158 17.4732238355 0.335966133389
35 2.8 1.81317352948 17.4375250643 0.325194612888
35 2.8 1.97387993455 17.4342785931 0.301905173464
35 2.8 2.30430259852 17.4613505864 0.26674092062
35 2.8 2.13024082931 17.4603124732 0.316670283413
35 2.8 2.2162543992 17.4802164115 0.350766503149
35 2.8 2.22478136117 17.4738161559 0.350868671563
35 2.8 1.99510258138 17.5024463786 0.305838151009
35 2.8 2.3604930138 17.45808441 0.316100593317
35 2.8 2.2225872843 17.4779002699 0.278818546603
35 2.8 2.03070256893 17.446197178 0.293889392578
35 2.8 2.2839771324 17.450351746 0.281384060402
35 2.8 2.12582224153 17.4525914484 0.302116553279
35 2.8 2.45108950438 17.5030137142 0.318557604442
35 2.8 2.18720644682 17.4416565776 0.271780635634
35 2.8 2.05120167753 17.476220942 0.285292264534
35 2.8 2.18662729267 17.4802732309 0.329535077031
35 2.8 2.09837774008 17.4719261732 0.314085311845
35 2.8 2.47938029723 17.4482475843 0.315572142004
35 2.8 2.00424942091 17.4374296079 0.267409879271
35 2.8 2.48242301432 17.4231314544 0.344438560644
35 2.8 2.22088853362 17.4449924077 0.342772414659
35 2.8 2.49245172786 17.452778028 0.306658001212
35 2.8 1.95824903272 17.4689882898 0.315443099169
35 2.8 2.30710025207 17.4507830311 0.294038483049
35 2.8 2.38437654603 17.4668717548 0.379635017276
35 2.8 1.9814438211 17.460326079 0.271636375511
35 2.8 2.01509670037 17.4832293892 0.294676935285
35 2.8 2.22036577448 17.4990498935 0.282079582489
35 2.8 2.1016652241 17.4548621691 0.318403278949
35 2.8 2.06414024479 17.4802623795 0.338295600281
35 2.8 2.15705486645 17.4581283949 0.291261221491
35 2.8 2.591333572 17.4909435458 0.341719613156
35 2.8 2.16728685379 17.4504962012 0.339420870391
35 2.8 1.9658524367 17.4714375006 0.319581567787
35 2.8 2.36149272954 17.5117383835 0.314160747993
35 2.8 2.09068012955 17.4891867549 0.318447319552
35 2.8 2.32986567673 17.4218690096 0.254131871824
35 2.8 2.17032191941 17.4556395259 0.330526123588
35 2.8 2.42818539598 17.4696622871 0.300915088232
35 2.8 2.24168308134 17.4586979645 0.316179243108
35 2.8 2.58004577609 17.4892191898 0.303582103677
35 2.8 2.20304896927 17.4531193955 0.275184949497
35 2.8 2.03001604459 17.4719592547 0.307684266362
35 2.8 2.20750909994 17.4498240207 0.293876456491
35 2.8 2.21374226302 17.4407091325 0.322311439151
35 2.8 2.25165372741 17.4539181299 0.370620647391
35 2.8 2.22931695727 17.443203526 0.331541774127
35 2.8 2.45716773208 17.480472302 0.295752995914
35 2.8 2.00200537648 17.4426500018 0.275569527344
35 2.8 1.96278960251 17.4588135259 0.276417222159
35 2.8 2.24433142526 17.4754312175 0.323365726312
35 2.8 2.49264032453 17.4676789656 0.332203579962
35 2.8 2.52016079223 17.4409943951 0.347878698783
