35 3.0 2.47764581614 17.427264278 0.308275667415
35 3.0 2.20838051059 17.4485542946 0.328292125194
35 3.0 2.3159288557 17.440998903 0.354367506079
35 3.0 2.37514584175 17.4358896812 0.298448437004
35 3.0 2.34548760776 17.4737420028 0.283747770286
35 3.0 2.70594802778 17.4640817754 0.341203844016
35 3.0 2.19755290182 17.4733258348 0.33795978473
35 3.0 2.47372066341 17.4514522618 0.373300361441
35 3.0 2.32915903721 17.4590334397 0.307713436658
35 3.0 2.1597834328 17.4322707885 0.337954230401
35 3.0 1.98955772334 17.4842849047 0.295258791677
35 3.0 2.26115523618 17.4457343645 0.32085881604
35 3.0 2.39852296668 17.4544954984 0.289107303746
35 3.0 2.21632052576 17.4428211216 0.266282370227
35 3.0 2.11743770065 17.4574645569 0.332909239465
35 3.0 2.22450302564 17.4763741503 0.293458658327
35 3.0 2.37933195149 17.4508651024 0.311264349046
35 3.0 2.57952498499 17.4438926918 0.321035149542
35 3.0 2.39195682606 17.446613074 0.341185257968
35 3.0 2.57824528935 17.495208544 0.351256335352
35 3.0 2.24366547327 17.4250544269 0.314521873641
35 3.0 2.38977003372 17.4223908766 0.307270577199
35 3.0 2.3725393857 17.4677058949 0.301089684173
35 3.0 2.32074753182 17.4754944224 0.295504282276
35 3.0 2.54751533335 17.444667885 0.319619629478
35 3.0 2.3196347417 17.4153293474 0.315275211033
35 3.0 2.18726441424 17.4753272626 0.303380891661
35 3.0 2.21110396933 17.4888421148 0.324512373456
35 3.0 2.26003385996 17.4298824035 0.271589361951
35 3.0 2.30143718928 17.4685603211 0.322764744988
35 3.0 2.26808467648 17.4372913305 0.302486730637
35 3.0 2.25904698792 17.4206540774 0.277283310111
35 3.0 2.26483468897 17.4445998379 0.274138831342
35 3.0 2.28939432046 17.4849207589 0.31285013334
35 3.0 2.63552191642 17.4544490363 0.35661688221
35 3.0 2.26574280294 17.4858711975 0.247746587641
35 3.0 2.36295660317 17.4569229762 0.273869759033
35 3.0 2.39283086849 17.5085879045 0.352836466846
35 3.0 2.5006844226 17.4587215553 0.379118572117
35 3.0 2.17669576832 17.452518334 0.317645234054
35 3.0 2.67665846339 17.494555506 0.339810671119
35 3.0 2.56980482105 17.4411638726 0.282683278991
35 3.0 2.69564745332 17.4465909944 0.325437175171
35 3.0 2.39451217522 17.4875418093 0.337458382297
35 3.0 2.26327838373 17.4602760959 0.334676024244
35 3.0 2.37289431352 17.4736708156 0.26263307347
35 3.0 2.57858328321 17.4575086927 0.348856729241
35 3.0 2.21697569032 17.4598903245 0.287743097033
35 3.0 2.09230524159 17.4562486717 0.306838048719
35 3.0 2.38758529708 17.4349429132 0.326678324963
35 3.0 2.6727565111 17.4760094903 0.316784468959
35 3.0 2.5975090223 17.4214388403 0.354113122434
35 3.0 2.42078195478 17.4531112609 0.336736947947
35 3.0 2.48137214603 17.451972236 0.350394291131
35 3.0 2.50368085792 17.4529129981 0.329491774562
35 3.0 2.39712256957 17.4348349088 0.312556608595
35 3.0 2.39075515302 17.4637437006 0.295319810649
35 3.0 2.37030920368 17.4645455801 0.345107241915
35 3.0 2.20552577076 17.4605379272 0.307468267797
35 3.0 2.19121827274 17.4434942864 0.291273823221
35 3.0 2.13002926546 17.4763214201 0.33616386605
35 3.0 2.36034062801 17.4631287537 0.298722830311
35 3.0 2.33766160063 17.4302735568 0.290272488506
35 3.0 2.52414894983 17.4520121987 0.288425364271
35 3.0 2.43452985855 17.4620495453 0.31101324262
35 3.0 2.46104749132 17.4649853066 0.297806551747
35 3.0 2.51420746307 17.47788502 0.319273878856
35 3.0 2.33497638564 17.4352240042 0.340868818776
35 3.0 2.29283667604 17.4684037142 0.287275858412
35 3.0 2.26337837127 17.4460171207 0.308866648698
35 3.0 2.28420218032 17.4376538023 0.287284421697
35 3.0 2.21315238126 17.4864126792 0.307977315745
35 3.0 2.25938682691 17.4787212108 0.285091855396
35 3.0 2.32900431811 17.41444241 0.278162229164
35 3.0 2.33919279265 17.4380618572 0.312527461195
35 3.0 2.44877983644 17.4729355232 0.330106433456
35 3.0 2.2552997375 17.48495146 0.294814993953
35 3.0 2.41904700839 17.4728357406 0.332043089386
35 3.0 2.24819751153 17.4464501314 0.301661352537
35 3.0 2.27443630743 17.4832929917 0.329743183471
35 3.0 2.5806133636 17.4470071734 0.327710916669
35 3.0 2.3223365803 17.4882558156 0.33432938331
35 3.0 2.29470267569 17.4609367979 0.309486809841
35 3.0 2.34738294854 17.5017690171 0.332695089952
35 3.0 2.2018034377 17.4525484947 0.271205532324
35 3.0 2.05070601439 17.456115854 0.313698341526
35 3.0 2.4313378381 17.4758083525 0.350631175572
35 3.0 2.44362849844 17.4501458989 0.313327223211
35 3.0 2.48909880321 17.4598397162 0.29927750917
35 3.0 2.27290505219 17.4396814821 0.338589374108
35 3.0 2.42931021256 17.4149247579 0.26686907854
35 3.0 2.41647239713 17.4830382928 0.306837646111
35 3.0 2.37710754333 17.4542046552 0.317930138882
35 3.0 2.4283064052 17.4733565868 0.307982003238
35 3.0 2.34907149385 17.4329497604 0.309182004465
35 3.0 2.37634362851 17.4360778404 0.329059010634
35 3.0 2.49114238851 17.4738233252 0.317293059582
35 3.0 2.66192259668 17.4998174019 0.335372498329
35 3.0 2.28229830908 17.4724573444 0.30845902714
35 3.0 2.20228128939 17.4607111435 0.27690020525
35 3.0 2.40231766758 17.418893967 0.325835516253
35 3.0 2.47292588971 17.4419937454 0.336603622032
35 3.0 2.23661438771 17.4763103095 0.290029123828
35 3.0 2.25260188831 17.4437979336 0.334517868312
35 3.0 2.47071812209 17.4976162116 0.322600531575
35 3.0 2.31676286285 17.4649295674 0.299462870219
35 3.0 2.363796091 17.440852736 0.293017480712
35 3.0 2.78550910068 17.4772487671 0.284654907813
35 3.0 2.3500051684 17.4765399552 0.291535534405
35 3.0 2.49079340882 17.4673191409 0.329382682036
35 3.0 2.37433475969 17.4529349976 0.323122256402
35 3.0 2.25012058592 17.4763417096 0.282590762037
35 3.0 2.56697528625 17.4615768489 0.311715540174
35 3.0 2.5326357714 17.4197723347 0.289961221489
35 3.0 2.21205532498 17.457460005 0.318646943822
35 3.0 2.24647332825 17.4383151743 0.325834131719
35 3.0 2.34293535322 17.4698253279 0.30256604164
35 3.0 2.35497361624 17.4564684779 0.325576225024
35 3.0 2.48466221244 17.4914183753 0.320143612113
35 3.0 2.24248821933 17.4753240377 0.249537728994
35 3.0 2.07099148849 17.4699876492 0.308349534935
35 3.0 2.48306626008 17.4433085773 0.335122846518
35 3.0 2.74998012533 17.4852074213 0.341309842135
35 3.0 2.47881904722 17.4859584406 0.331120328183
35 3.0 2.53464056739 17.4708677758 0.285949486009
35 3.0 2.472800606 17.4331334441 0.305301950679
35 3.0 2.49845018638 17.4310692122 0.340112188828
35 3.0 2.34213443578 17.453251438 0.333962156062
35 3.0 2.53748843924 17.4539677062 0.3370870876
35 3.0 2.47430868801 17.4777022722 0.31217478878
35 3.0 2.44193041322 17.4293745264 0.273357205357
35 3.0 2.3825475899 17.4466547459 0.302502142973
35 3.0 2.36527359996 17.4896535798 0.325942164852
35 3.0 2.253811621 17.5094556221 0.336567603066
35 3.0 2.26534009052 17.4551738817 0.303650556394
35 3.0 2.27363773527 17.4159760542 0.333351908188
35 3.0 2.34112521119 17.4811742707 0.367125626282
35 3.0 2.18564936158 17.447144816 0.322045300701
35 3.0 2.38528055077 17.4801911533 0.295539239147
35 3.0 2.45962481814 17.4418320574 0.344349786727
35 3.0 2.58973613253 17.4545341271 0.291675302725
35 3.0 2.23954454118 17.4285280283 0.325951066482
35 3.0 2.69679031489 17.4294173979 0.287226439485
35 3.0 2.27986843614 17.4532797023 0.254600433142
35 3.0 2.40615838718 17.4563916444 0.293701912183
35 3.0 2.42298266322 17.4217977234 0.307256285763
35 3.0 2.23866151175 17.4238329412 0.310763787469
35 3.0 2.32010684755 17.4266198921 0.27709110092
35 3.0 2.30720404652 17.482269455 0.269842820181
35 3.0 2.3707057017 17.4823634482 0.313213532667
35 3.0 2.26181127115 17.4574783376 0.335314079881
35 3.0 2.1987142438 17.4552580689 0.309058243372
35 3.0 2.4428160005 17.4275543506 0.326775074898
35 3.0 2.26131288752 17.4761194498 0.304490860387
35 3.0 2.1691966657 17.4494289772 0.297578557217
35 3.0 2.19427516654 17.4328357644 0.322243360519
35 3.0 2.36913651126 17.4784589318 0.278460528512
35 3.0 2.41583415886 17.4666966042 0.296280013461
35 3.0 2.40605271511 17.5070939398 0.307870686895
35 3.0 2.42582336348 17.4261461635 0.311422723026
35 3.0 2.47841588979 17.4513737892 0.260342696363
35 3.0 2.48089098834 17.4733302177 0.331620747405
35 3.0 2.32481499931 17.4824068613 0.323135946901
35 3.0 2.15094583679 17.459797277 0.33567619542
35 3.0 2.38113723322 17.4276602552 0.32109991843
35 3.0 2.40859623509 17.4901770931 0.276088120876
35 3.0 2.61794134851 17.4131819876 0.297439427446
35 3.0 2.22988747428 17.4551954318 0.354756367194
35 3.0 2.34644087658 17.5003473539 0.284408648667
35 3.0 2.48290170602 17.4933844445 0.334734285299
35 3.0 2.31139042115 17.4517655994 0.270732507125
35 3.0 2.20007540992 17.4731469033 0.299210210289
35 3.0 2.47942212265 17.4566219185 0.301124969044
35 3.0 2.30052739568 17.4807428021 0.28904599335
35 3.0 2.48338139282 17.4275216817 0.360059655688
35 3.0 2.32095269123 17.4608363846 0.315996752069
35 3.0 2.45383809546 17.4826284617 0.333685058177
35 3.0 2.49625487685 17.4441404579 0.316467875785
35 3.0 2.33033676854 17.4748479982 0.333650083822
35 3.0 2.36998742203 17.4527945619 0.355656638102
35 3.0 2.32573154783 17.4613965928 0.308753282838
35 3.0 2.16731352878 17.4787187636 0.347255266712
35 3.0 2.47229755351 17.4718148594 0.342659906334
35 3.0 2.00536084691 17.4681624949 0.315882907039
35 3.0 2.6919555413 17.5016837868 0.366182848594
35 3.0 2.48849191762 17.4504230384 0.290424667149
35 3.0 2.57573305137 17.4652430895 0.352076479764
35 3.0 2.27688585034 17.4610561805 0.312062015743
35 3.0 2.3052521219 17.4513902505 0.310783736055
35 3.0 2.4921519013 17.451899717 0.350076068903
35 3.0 2.14169169188 17.4928409471 0.359160173969
35 3.0 2.59137961613 17.5120180438 0.322881591369
35 3.0 2.47244579273 17.473354539 0.317657820018
35 3.0 2.36179526113 17.4438819067 0.307845412208
35 3.0 2.67809932461 17.4702222047 0.390065606979
35 3.0 2.41253926656 17.4567724298 0.275277071071
35 3.0 2.42665457035 17.4609781986 0.315157492577
35 3.0 2.536208919 17.4670163333 0.280055950814
35 3.0 2.49727617138 17.4688174684 0.306622707238
35 3.0 2.47795188203 17.4604789207 0.326043833677
