0.0 0.0
0.0972124798776 0.041559053344
0.121280343314 0.0429715244564
0.142301861939 0.0508312839572
0.16474791043 0.0509640562089
0.188058170306 0.0541691349907
0.199384142092 0.0484187810064
0.233498175114 0.0486345974679
0.241038247626 0.0502153137858
0.263430349572 0.0490594442996
0.287309467194 0.0530240194619
0.308453155988 0.0583395960633
0.317960780127 0.0547225510914
0.313872683682 0.0598066934178
0.337054064374 0.0619219617652
0.353380551827 0.0617147179383
0.368252840098 0.0591861232441
0.377915305651 0.0628142339468
0.375532438841 0.0599333284343
0.387414183964 0.0672500120082
0.40604948064 0.0607534641409
0.397251373999 0.0626949514759
0.402320977142 0.0699623963195
0.39489214633 0.0716447355379
0.393561518176 0.0574624405748
0.392500480791 0.0628501888753
0.394404363692 0.0727980101122
0.386405321286 0.0689016679938
0.372631593942 0.0701148148526
0.359703117814 0.066667648996
0.353735470872 0.0702262720122
