0.0
0.0895155857547
0.119140896486
0.152775081355
0.162301538283
0.059837218095
0.193950569665
0.261591949399
0.169720828371
0.270823779454
0.268099148883
0.334930048452
0.36103087196
0.231647189917
0.377723291605
0.273730080444
0.282775418873
0.421133723864
0.426670457217
0.411206583107
0.441403840832
0.33137640203
0.324411067286
0.493271769678
0.520549781599
0.28696794169
0.373622131753
0.446492110594
0.349303645933
0.321409435235
0.41238977326


0.0
0.0504314750133
0.0929016484627
0.109405986605
0.103610134327
0.274255223022
0.194285804
0.246387813603
0.266856686986
0.283962447985
0.38227702702
0.291753061569
0.417450693075
0.355387124261
0.350047308746
0.40988065908
0.274061332194
0.367797850613
0.359179992819
0.364705881924
0.545736638524
0.487194100816
0.347098177613
0.428413161914
0.355135428456
0.379841804276
0.392545856349
0.454691123846
0.44027731852
0.349125653971
0.409649126926


0.0
0.140934451174
0.101663236763
0.229602815104
0.147701014836
0.226396670886
0.217688161116
0.282478333032
0.19970643505
0.301176775181
0.362431317794
0.328727043983
0.308916430947
0.3676357872
0.398850295265
0.366920056925
0.396618712031
0.512153630393
0.360882188144
0.501755804444
0.493657275182
0.452778370307
0.357844507792
0.489210399234
0.403807024976
0.394280935036
0.461140368098
0.42783900993
0.371599047666
0.434752389001
0.415370583654


0.0
0.0967987427824
0.190164491872
0.143082493216
0.131051215735
0.144781132495
0.215676652406
0.197287932262
0.213759316389
0.224156882289
0.244629567057
0.245609811724
0.372872210924
0.269261606125
0.33261898613
0.339387333805
0.364864525692
0.322490146783
0.395505922224
0.420318240953
0.433539031726
0.392923398907
0.356776564364
0.373601030477
0.367427170562
0.3911112089
0.218579413372
0.367095627136
0.35038227631
0.336851486384
0.353335273848


0.0
0.0983115984901
0.121960099858
0.120439748742
0.175830572396
0.130743059292
0.203767387154
0.233552929287
0.222742394936
0.3250342179
0.321139024559
0.241566050935
0.332260938312
0.465823068853
0.330192991251
0.272442364343
0.304355569323
0.34370358891
0.371581364736
0.331269307906
0.394080576259
0.317426355919
0.341672626555
0.387265255217
0.350082877627
0.292361900681
0.280474343878
0.241116892455
0.341647931258
0.262252032139
0.268157923507


0.0
0.140332016813
0.14429120969
0.0924407967592
0.226039091764
0.224097225305
0.258713931064
0.284373351071
0.285174271853
0.251516107039
0.35385307636
0.232353661551
0.31056377897
0.424751634815
0.432809472665
0.427638698892
0.40305278566
0.377387407686
0.327855971202
0.433764030143
0.375407692088
0.493787721452
0.4847946115
0.439623667676
0.302389156929
0.356461037875
0.422544866365
0.422769949122
0.475802409334
0.39145195284
0.409133418292


0.0
0.0853084618783
0.162317802943
0.10881258388
0.198252078769
0.283522926237
0.159945892192
0.246668850674
0.234143995464
0.305520859801
0.238908012282
0.376496679842
0.385155583184
0.389242274733
0.287768601261
0.433913650613
0.362714631247
0.451535294068
0.372394304001
0.414010432941
0.434720524907
0.428566193393
0.429951988752
0.487352459975
0.439418463869
0.439200002714
0.439472041059
0.351140321208
0.372563250388
0.389015024949
0.367011888416


0.0
0.102773512538
0.162455174954
0.167897703304
0.201989798083
0.142955569024
0.213867381247
0.234728236526
0.237035536848
0.366410437853
0.272582628437
0.335591130357
0.297421324966
0.409892598552
0.492256168991
0.434093863727
0.357364691078
0.471635072672
0.506614067375
0.400720609848
0.470857660441
0.487666578166
0.606210184247
0.682011717972
0.522789012882
0.517956118309
0.469307888616
0.51699632296
0.467711470812
0.399610675417
0.290970246844


0.0
0.0902275114836
0.0847865274111
0.0948048798062
0.20652936743
0.181842956799
0.11946468078
0.243459864557
0.266879957619
0.233391767693
0.333017382846
0.269618970073
0.28038737074
0.309275436069
0.284365674864
0.409112432975
0.332654899661
0.477911096639
0.46930733062
0.364622455336
0.417143323468
0.408063748173
0.302539825235
0.372660939086
0.371391753296
0.319579888514
0.454900174099
0.310283392302
0.474706404977
0.38146479138
0.317972328572


0.0
0.120423852958
0.139425014966
0.172780891236
0.222066313818
0.163470048737
0.157288816424
0.185314104326
0.315976068664
0.232410448407
0.298401784344
0.406523748552
0.347555548466
0.341195917019
0.345472954588
0.377183532294
0.392316160989
0.408371991646
0.477582814322
0.432321355173
0.431658590834
0.435455336153
0.38991754824
0.417022984795
0.375152471335
0.472467022121
0.285129064593
0.419011713932
0.400545833629
0.412754095553
0.425888197077


0.0
0.0607905455428
0.0882973052502
0.120352561976
0.154765909432
0.204237241484
0.169015808731
0.233665172051
0.183620703643
0.173098203864
0.278851925365
0.253851193402
0.35558062993
0.347118219869
0.342225111559
0.32914059386
0.299436553565
0.42364785287
0.349774452649
0.385484626289
0.372799680832
0.442499514707
0.31759430359
0.344063507474
0.378613350723
0.426305492669
0.410524774806
0.335394482027
0.373113344325
0.349743388949
0.293813668176


0.0
0.0769908997766
0.130566100731
0.162256528133
0.209967781306
0.274884446418
0.214997843217
0.225183635186
0.281583574139
0.253189514002
0.233001197799
0.347718486238
0.242925434578
0.343314036038
0.310430352602
0.318824529281
0.423399313405
0.447823898526
0.30035789168
0.247891664885
0.457444153195
0.413764747038
0.430357579717
0.327530570095
0.389069785772
0.378699355829
0.368107131972
0.488859061777
0.400244097795
0.418421653197
0.446942878024


0.0
0.0836773756538
0.135081453783
0.171851423939
0.090158629534
0.151125251419
0.169808680469
0.133707873363
0.260841454208
0.202511548853
0.248445022115
0.249895243357
0.261757146353
0.329769407251
0.307685884182
0.307301736214
0.425938696725
0.281948102646
0.381452759262
0.34116737089
0.349575119982
0.394418131702
0.40972291628
0.337820735589
0.340344388866
0.377707209092
0.461207162149
0.430644927056
0.381118048105
0.21259120378
0.321465339437


0.0
0.0949644747442
0.149819567128
0.101662362209
0.207159407529
0.133472232448
0.217052459894
0.273456515161
0.235607674696
0.238093306132
0.273549414724
0.251751990164
0.230019696268
0.236431971506
0.421611626123
0.292098395513
0.255582438119
0.311248468889
0.241788233389
0.289430644155
0.327741321337
0.337568759789
0.26377899024
0.261013838609
0.407477551262
0.284911712772
0.278239793352
0.295761294086
0.325408798201
0.290615325786
0.367120198789


0.0
0.162705440447
0.136713200487
0.160141569085
0.158953987532
0.164651314304
0.152904550705
0.201917086912
0.223875751386
0.383647114661
0.236775583263
0.279298660306
0.239751610344
0.321189206598
0.340459046679
0.467607295933
0.329945119261
0.475828028461
0.427679336547
0.450554943519
0.477133630716
0.384550326668
0.351560971595
0.424489192673
0.417988456627
0.491947024758
0.453634960137
0.380427946136
0.443365636765
0.364479100879
0.425446958328


0.0
0.0532165554646
0.108442462369
0.155631823514
0.0948222053987
0.13226017401
0.189860042643
0.186181590984
0.174478099117
0.228522362437
0.375328245594
0.261128550425
0.349708260284
0.260544816404
0.34513584791
0.264846908398
0.417388262631
0.330097451449
0.382543531879
0.411507336729
0.361341056282
0.363536046648
0.350957736527
0.345413428924
0.340325077699
0.396611593431
0.290448573286
0.421577520238
0.312580043329
0.420189141016
0.47881628669


0.0
0.0698499313217
0.149596737535
0.165855333721
0.190078395442
0.152754539697
0.322564426505
0.171108315266
0.215368920407
0.236539529942
0.222099513377
0.259996580019
0.21902301219
0.308291776775
0.208202788653
0.526830403955
0.518982122553
0.384642351419
0.350888284509
0.392425675861
0.419422331038
0.381598425784
0.376758272965
0.448602748931
0.382086143033
0.323691204951
0.530854668934
0.281460856253
0.360891077863
0.32524132168
0.354175482205


0.0
0.257403031367
0.0596729397538
0.0785242031359
0.118664325925
0.226186266374
0.153204024941
0.221102806563
0.252399792211
0.300700118524
0.327216181407
0.265469298131
0.299635498927
0.197825109581
0.458862218152
0.494961223963
0.406272154445
0.386669459533
0.411535469874
0.379503241953
0.391051214692
0.378653611948
0.3300432072
0.46219408559
0.428859044313
0.370914530445
0.448765137258
0.325631718642
0.441874154612
0.340410343943
0.367973127776


0.0
0.0725077613236
0.213891043714
0.184033148881
0.204162804867
0.294378886094
0.208284282814
0.331201189811
0.236910573754
0.242436537726
0.243627040369
0.41216690358
0.387056102676
0.29890745583
0.397122107093
0.377090803935
0.301953449326
0.398666866175
0.478602579355
0.463081575519
0.399734505896
0.312147120739
0.453253682402
0.436045654503
0.423627507199
0.388821516253
0.435758202863
0.410464261581
0.339099121177
0.379874863585
0.348307805188


0.0
0.115707133641
0.136574245653
0.155106668385
0.198819069714
0.189618947512
0.259856757744
0.224981588473
0.326449624652
0.304058859912
0.360279765457
0.363545633351
0.340721113216
0.320809065519
0.25795575425
0.356001446093
0.46057081062
0.379926131415
0.500771312062
0.450390136967
0.388415210051
0.549978961402
0.50830490432
0.380530689131
0.423757443128
0.414111044535
0.441738485603
0.478550356879
0.514376938283
0.354274608691
0.337990522433


0.0
0.0771217243257
0.190255159156
0.143675456752
0.175637740508
0.200729404789
0.217501033936
0.193283391687
0.251830921994
0.287645632424
0.290735378088
0.329458285686
0.263501848459
0.283703383035
0.358093978395
0.365599172952
0.452370561853
0.279741920137
0.32956851808
0.265093354567
0.443269533529
0.438355513227
0.394979273056
0.356557718513
0.302007260525
0.461793440914
0.409341641942
0.370969744491
0.379711985871
0.351593659426
0.425089826617


0.0
0.129466262296
0.0278776524776
0.0460848333888
0.191949119825
0.167411625944
0.0888676877001
0.190913318606
0.225756534824
0.232265408886
0.33426486435
0.343274889569
0.309947430645
0.241869006385
0.35364728045
0.360234500309
0.311277016362
0.3473642423
0.361167393989
0.425525254845
0.297833069641
0.311763677153
0.393971152286
0.333843538031
0.471639002652
0.360106675285
0.432274613712
0.428480362823
0.57788764992
0.334866086942
0.440574843821


0.0
0.10713816142
0.173558595621
0.0995605370797
0.218761832931
0.144277224636
0.196258846171
0.133302823924
0.313171399857
0.216030794306
0.392435407947
0.317137490965
0.358506631631
0.276080966864
0.303668812549
0.307116380723
0.272515677037
0.299378913191
0.425469232831
0.318126917793
0.382806631772
0.428854081987
0.455725975968
0.35902982651
0.37251184997
0.391837750569
0.273300166767
0.315618154655
0.430728224417
0.237884123391
0.464125280778


0.0
0.100523575095
0.108949591855
0.0386693614031
0.104428107757
0.125490964508
0.124335175562
0.246243613696
0.200947228164
0.269207176483
0.278161890329
0.353372455781
0.416146931988
0.274656171714
0.327216008419
0.33471335926
0.430646013798
0.343761833304
0.361038779836
0.285951869117
0.292806824405
0.367362232754
0.408853171662
0.451898514109
0.311726232014
0.371268988627
0.453700808434
0.377119137064
0.330259962848
0.452383405983
0.265670564316


0.0
0.0856944941602
0.220035676786
0.275401694784
0.170529095987
0.144295533798
0.291444456979
0.264779872394
0.196245531923
0.264298059892
0.228434551858
0.309042085531
0.262726558136
0.384529824002
0.400651278316
0.331456275091
0.344002842418
0.459665264878
0.395017541884
0.367421467347
0.444909860932
0.301683367514
0.343363242953
0.505189730266
0.420331415844
0.352788506199
0.233752497534
0.386234310816
0.253065952896
0.441278647975
0.384387231858


0.0
0.0171228395912
0.115459084766
0.184530326897
0.214983939138
0.217481515873
0.208182335262
0.213991317768
0.294627668558
0.245619134955
0.289763385193
0.308760914461
0.280667815653
0.315709421346
0.248074237769
0.3356435729
0.344133137199
0.465711114131
0.318565180911
0.399366272124
0.377186594386
0.394046687281
0.418932831019
0.29571621117
0.310666499056
0.417331176927
0.50622167546
0.509904504579
0.387463187146
0.299425942475
0.366145345727


0.0
0.0852376939894
0.15840439096
0.147554381146
0.141867127936
0.163814426393
0.17702816816
0.241638986613
0.257407322228
0.19830174636
0.291909145771
0.368874700276
0.228463192713
0.362164798839
0.344560235997
0.263948202807
0.365837427514
0.293581194253
0.332847969131
0.386067822323
0.491792179722
0.394142533428
0.342780154958
0.375670924005
0.551677628297
0.446946435414
0.361219291402
0.388351889412
0.337623633149
0.236507631167
0.295884972027


0.0
0.0957034874825
0.111361446583
0.129160359148
0.188719617717
0.288280147609
0.275449203946
0.228253326491
0.237297852654
0.28914209413
0.284822673241
0.428086672337
0.341878088713
0.320630220424
0.31431684372
0.390215762997
0.406544166767
0.349605250299
0.378058410323
0.433215430931
0.416787370261
0.427703300296
0.47514883985
0.352181583329
0.390036035115
0.424316315007
0.379346386503
0.412686286961
0.29024633855
0.30786204356
0.293267752557


0.0
0.104811138477
0.0544167314611
0.0567832300672
0.146601124696
0.130628818574
0.210443935572
0.22610729722
0.0900087983644
0.281015614317
0.263053923107
0.173325992765
0.313442511419
0.263070813837
0.268830887672
0.298956326691
0.412858174253
0.373502734278
0.290122925556
0.277512277043
0.35839726835
0.291929195547
0.317376005108
0.350401247868
0.338732629139
0.425057688736
0.482413179889
0.388539187687
0.28519038026
0.305416175772
0.229821383864


0.0
0.0379620986585
0.10426617731
0.0346656648391
0.247852619395
0.195921229321
0.179710386587
0.204159415794
0.142498048436
0.368012423732
0.318384640472
0.293382935835
0.376249614469
0.402774484272
0.366318142161
0.411185929739
0.39513641234
0.347093063657
0.399598603128
0.394942056686
0.40498426768
0.425432815992
0.489222658221
0.379244695262
0.381846036636
0.340346324722
0.386660471238
0.513568374807
0.270369574679
0.417141467001
0.399519664095


0.0
0.0716960630687
0.14874213938
0.108635361275
0.138506870477
0.146633716574
0.158703379034
0.225811483068
0.235520520577
0.253516276196
0.209429886529
0.191107096634
0.28892532128
0.309484599871
0.339553329624
0.284113563823
0.319336352962
0.483108069533
0.404734356541
0.33636247005
0.486509561774
0.372091420018
0.386120995858
0.412800550989
0.313949370391
0.394155794207
0.409181164495
0.430229121248
0.402971444978
0.452614335739
0.267196641989


0.0
0.062874654044
0.0432276602442
0.115301338461
0.0935173212356
0.199032434616
0.252230666289
0.209507010625
0.21340206538
0.28353647833
0.238898985995
0.267360449861
0.271777073929
0.281517258036
0.293819207292
0.289980074822
0.326370635735
0.323739642464
0.296843743969
0.363562619548
0.349195867656
0.348764672532
0.314064877665
0.414423083725
0.385704942367
0.286388265456
0.202513645336
0.441250755021
0.296991696158
0.286104658322
0.347459871802


0.0
0.0333776112096
0.0930048048337
0.0929546319579
0.158237361455
0.190763149238
0.220250089528
0.255016002034
0.151864842951
0.253623274884
0.214643885142
0.276707403853
0.305743425204
0.249144377292
0.237387484168
0.301737560639
0.385511704063
0.346260277144
0.298086004457
0.283583346723
0.300754694516
0.334212072702
0.386984319155
0.312702742318
0.459903755247
0.296574764985
0.377318338366
0.456037827591
0.368331282468
0.21552540671
0.245693112064


0.0
0.117108060983
0.134255727665
0.102923086837
0.230913973915
0.209222248309
0.177944745988
0.30213901472
0.275929546924
0.321966570682
0.212131285221
0.336498647676
0.373977638119
0.267452265609
0.327336274676
0.31554054503
0.386851232622
0.354402972091
0.346231515503
0.314126966353
0.451522082392
0.392564231972
0.410253743694
0.344107692593
0.360701168132
0.426278946015
0.479968719119
0.445958017472
0.329618504048
0.408233210942
0.250306937893


0.0
0.0852391520212
0.0986637207545
0.171413021435
0.154432052029
0.250538305569
0.222187690291
0.281471718667
0.293854273313
0.236164541683
0.329092361334
0.371939522893
0.374243452997
0.389266184715
0.381367945988
0.460731788982
0.534910562479
0.444265779457
0.428702944534
0.41065926414
0.451398922428
0.512510266933
0.445474765547
0.464434022409
0.358210644617
0.551411277657
0.34216739374
0.39877045161
0.272454739915
0.504934244806
0.367013231574


0.0
0.112736292745
0.0594400973821
0.126204562396
0.111192637687
0.172630359369
0.192975254818
0.214065675758
0.164652837301
0.215170439747
0.189797921414
0.214767118155
0.225720670514
0.255537297764
0.223287049866
0.238153205856
0.315819811683
0.317752879242
0.347106502215
0.380379699432
0.346402707855
0.323191117894
0.410142986517
0.258497728629
0.28018815409
0.296378762318
0.309553257245
0.279903321075
0.298656150382
0.281517408043
0.227393386706


0.0
0.0369346430212
0.113004273631
0.0920773779489
0.15297232197
0.163762524136
0.180109300281
0.188386716031
0.231679409454
0.232166931792
0.291996285925
0.341231146802
0.295102506097
0.295936643667
0.280818025554
0.227434821286
0.383277817173
0.279409966833
0.386410084596
0.255776855486
0.351227439047
0.365043437847
0.269917473303
0.333618260101
0.40576477829
0.344380223605
0.402010109312
0.265054579147
0.275555520044
0.341444705726
0.313073350017


0.0
0.0874453831486
0.182510501891
0.183132286723
0.23885214859
0.187869728896
0.24667873004
0.262012706895
0.275214917083
0.305497998134
0.277968421686
0.382142271616
0.452895533679
0.337607319447
0.338687839077
0.411563216428
0.420450835131
0.470972195277
0.39028205328
0.473865408339
0.516499301776
0.461449060283
0.498590306086
0.410176195038
0.491484618982
0.360997148148
0.447152066632
0.265588994106
0.480772355417
0.476332783815
0.272216158905


0.0
0.168449180078
0.165323468391
0.213279095622
0.192854142383
0.318753628577
0.256027751548
0.309607315476
0.281893348256
0.351208672457
0.381570274847
0.344931472538
0.383519079027
0.376584679418
0.468839270374
0.350257449937
0.36735580637
0.479503161287
0.456853258874
0.511800987395
0.535570264518
0.588861286684
0.400500099327
0.44937211433
0.525897610988
0.472978293444
0.39569071395
0.374112269725
0.467970807574
0.385330175166
0.411955330206


0.0
0.0595980052535
0.118579495919
0.189684646693
0.19360976448
0.23174504174
0.225794855448
0.182349568122
0.237861188099
0.24326112121
0.343285517364
0.412913191273
0.352552029842
0.305876707034
0.430606585299
0.376120743461
0.344068203608
0.301673138388
0.307716307864
0.323614522779
0.368382804091
0.348791695295
0.422700897547
0.343093381948
0.413717517582
0.460078758614
0.416778803939
0.291160934769
0.410320609498
0.367216474838
0.410789037475


0.0
0.0416469341649
0.0964838486412
0.0978291740004
0.214386192422
0.32503721799
0.283869696003
0.275048406098
0.239149168261
0.199651479647
0.245889374828
0.297991688052
0.392022537951
0.40946383042
0.379915923612
0.540381234134
0.448040318623
0.279010843811
0.413403088238
0.376486093966
0.413446692076
0.494202554711
0.375436029493
0.35858733235
0.397233870173
0.415886443874
0.507964961541
0.471279750263
0.455260063546
0.404268074215
0.345492024104


0.0
0.101123841226
0.0557519337779
0.0960869504893
0.105789445617
0.204518592448
0.183315756731
0.251073740897
0.19617326964
0.258789299414
0.339355583649
0.300205675782
0.353248079057
0.318782764142
0.32578710155
0.251270315366
0.370977402774
0.360321297577
0.35218375362
0.388830844719
0.343287710004
0.354818952834
0.346003424433
0.241018544315
0.394041884511
0.32468693429
0.38116180843
0.27618207025
0.329493038022
0.273559452914
0.196135670668


0.0
0.166242284698
0.0790777252927
0.107044861155
0.196356686291
0.209972669995
0.254448209266
0.198862554244
0.346671497007
0.325762622884
0.22020518109
0.335559480797
0.264331420891
0.218678421269
0.405839188256
0.427953279008
0.454295961817
0.394219958402
0.449762659921
0.403111510181
0.395129279429
0.470765305158
0.424521712904
0.484269205242
0.357287476536
0.432685176435
0.381353070777
0.22348161385
0.29822388465
0.386438073805
0.310243641066


0.0
0.0268178885879
0.176022865701
0.0998711652638
0.223876444564
0.281072382105
0.257840232648
0.228689018978
0.229727486779
0.292913360915
0.300526195832
0.274982685867
0.368785163403
0.389766737947
0.376068563429
0.388341353526
0.439542137528
0.487373528484
0.293710172948
0.488980999717
0.3857895698
0.471691760782
0.482467905887
0.505874448141
0.422648414158
0.369386666189
0.30431674805
0.40761214538
0.398694230082
0.375755548339
0.338746755174


0.0
0.0989596075225
0.141190860004
0.166297734301
0.206949537176
0.223720731898
0.242100603823
0.275909711828
0.223409507584
0.270252590911
0.267843780957
0.356911429075
0.32423035158
0.349347974854
0.423872278317
0.377015456375
0.406347898194
0.41970488601
0.442248923618
0.369516548579
0.415553957741
0.423963666906
0.492152703119
0.419974956747
0.438652255078
0.410594373031
0.422307417978
0.328068297332
0.377392807202
0.444963210819
0.269707201663


0.0
0.0625760851575
0.0905873150797
0.120478318098
0.0915752665223
0.159273912799
0.107920285804
0.256015227453
0.204922749456
0.164163092014
0.325307045649
0.23117280801
0.382600501829
0.15986056856
0.244634217986
0.355043891632
0.277602379425
0.285149470059
0.341613566098
0.359831382708
0.35005335939
0.435795833316
0.357911761429
0.2914276098
0.32962614538
0.318914926197
0.310204153392
0.337396528847
0.170186532761
0.327620240484
0.383349667113


0.0
0.14039031491
0.116487869393
0.256086749373
0.303882333623
0.150107629751
0.250631657261
0.163226533265
0.296660779795
0.284910384286
0.293197238266
0.366565385485
0.324411788041
0.373232096109
0.333758884414
0.360029082956
0.380510732626
0.510009853956
0.400886069203
0.275932497699
0.403679506702
0.451468960281
0.518762629311
0.392649918308
0.456577543168
0.376911383552
0.460779461815
0.443730185825
0.441042834354
0.473653838961
0.377474268563


0.0
0.0391268128761
0.052686927976
0.10322435297
0.119386466601
0.102441848599
0.0879701860185
0.269441360978
0.240908333884
0.185529557189
0.278340024172
0.285342087826
0.33184780628
0.289689665698
0.314910722133
0.415020826581
0.346919074974
0.391269006169
0.336674218549
0.342702192868
0.404933080955
0.295004816915
0.291868414394
0.322076785082
0.380229838356
0.454766055938
0.338145902642
0.435518447554
0.359129569036
0.431860669064
0.304676662487


0.0
0.103534175834
0.105661673718
0.101208587654
0.168451501299
0.223496621476
0.157278570163
0.237407465612
0.274675957662
0.26363411807
0.247203495692
0.267097805306
0.221712191573
0.389548500997
0.368656939603
0.411864460911
0.347049615467
0.347745973539
0.380435276992
0.391489896034
0.361271341069
0.418438195368
0.480191512012
0.327743510487
0.369286501946
0.351551510217
0.372247636017
0.333682202799
0.400825073894
0.343437021651
0.365656035982


0.0
0.152631986081
0.120194403705
0.177038040827
0.230845453586
0.213729107009
0.221337875167
0.172676035619
0.319746723737
0.207761071271
0.244174678496
0.320477845266
0.357799413418
0.314778290341
0.411291351265
0.342991832652
0.404395913699
0.347295372945
0.370577813737
0.381406150366
0.361126055406
0.353028187361
0.449186112996
0.405920778959
0.425039752785
0.377789170848
0.424308459005
0.407591957427
0.369263689904
0.397417336017
0.368620215532


0.0
0.138979488781
0.15726534474
0.131550114077
0.17362602688
0.0993087757276
0.163465122961
0.299692203006
0.251136686069
0.221148948313
0.205406715568
0.276053787508
0.348754611629
0.257257124451
0.3948940467
0.269660529719
0.397746077053
0.434853047788
0.317504765128
0.520022436501
0.322424573389
0.360273732686
0.447562923805
0.350085791608
0.436901298135
0.446869913978
0.453682053537
0.283081287814
0.345469225702
0.468070404953
0.502608240438


0.0
0.216722385315
0.150673296869
0.189933105757
0.273089408907
0.308395586801
0.302960373224
0.29942723158
0.326172391455
0.242757333746
0.36907491338
0.423658111877
0.287116600804
0.345266525142
0.327240186573
0.346059385118
0.458058997117
0.431738499419
0.411625049792
0.387405394317
0.436522075798
0.370761467821
0.556929937036
0.461657961607
0.387872129433
0.437597489963
0.35365014385
0.390617297348
0.348315932615
0.326183186503
0.259769774344


0.0
0.0661762292658
0.170610674964
0.18256002265
0.191899190388
0.20218349123
0.190082322482
0.15065582575
0.225717900786
0.29099077101
0.366383665881
0.353892678411
0.405469398219
0.344181875534
0.377593881087
0.343561403799
0.340248095002
0.400752009151
0.430219836567
0.456823892638
0.454566155945
0.39890696448
0.466046658681
0.467172008663
0.470355699969
0.325413647934
0.38625915887
0.428331657
0.433080779284
0.361886500174
0.430007730918


0.0
0.12435988132
0.159552869454
0.136659331813
0.283256246127
0.211915898655
0.20640657262
0.275684232473
0.276615545191
0.288143139238
0.321808193843
0.383176534504
0.295784264869
0.361133571204
0.407039684846
0.358672807803
0.284280536072
0.391507754645
0.387012531736
0.506503954741
0.465959012704
0.434552923329
0.512852441783
0.390877360088
0.392012394089
0.35195342457
0.495318163311
0.438507684243
0.43774677769
0.44229586179
0.383441963205


0.0
0.1664322963
0.119631630472
0.231119812498
0.13590731568
0.26619436718
0.17609826703
0.227839385346
0.257924974764
0.262970538146
0.313554036238
0.286311835796
0.381543109816
0.298845856349
0.251903621036
0.338074677546
0.33883872126
0.418272682767
0.391713659907
0.46994398298
0.484076580876
0.355111088702
0.374700372719
0.375157349953
0.504105243877
0.410988435038
0.42770229216
0.452809292021
0.415243810206
0.343580174163
0.288214718255


0.0
0.140616894683
0.153942687064
0.108174554732
0.0397032271896
0.17179482473
0.174688177631
0.157963412825
0.307735781659
0.206995493653
0.221879740631
0.388219926737
0.347534053144
0.320619824974
0.268057354552
0.344946658485
0.469746700195
0.322639541248
0.397074969265
0.358480188745
0.3344361569
0.379461503646
0.384222762285
0.366133100208
0.367677532141
0.487895990102
0.489401880222
0.479894454062
0.425472295541
0.348535532846
0.398888249643


0.0
0.143640201449
0.153357951288
0.17380546174
0.136939436073
0.147893145418
0.180485056527
0.276623632303
0.179781843028
0.28927594101
0.317233471701
0.179992592563
0.268313201054
0.283577703007
0.394156501707
0.422537180877
0.30638344673
0.339658349695
0.30102012457
0.442485065391
0.380548959831
0.427428370879
0.357808786903
0.439072214241
0.317174674901
0.3668427697
0.397739337872
0.288993985626
0.240391997536
0.328488667142
0.328174292341


0.0
0.0818199059242
0.215012141204
0.206372803808
0.182575948254
0.149084309242
0.127963754944
0.357140921171
0.356707506443
0.346627227215
0.344085831352
0.330332437301
0.360958658746
0.214280059438
0.313937421482
0.403663650228
0.36894380838
0.453893816468
0.400397106385
0.442397504688
0.49152476828
0.433485395898
0.401130458024
0.499038309141
0.467299684095
0.426369872653
0.32869954842
0.499654336886
0.408680443083
0.338853496798
0.352879441494


0.0
0.0873918923606
0.112892659313
0.136640732616
0.265489250994
0.239893669701
0.177561479821
0.203049990459
0.198367440094
0.242032789394
0.259053913438
0.380509290656
0.315178142924
0.349284869843
0.36217048564
0.332377208211
0.275778943407
0.332082380034
0.396685282345
0.315563400078
0.379135295317
0.423474847035
0.396278151665
0.413205518423
0.427888106142
0.27518021401
0.363669301943
0.363300434513
0.384423533749
0.434693022241
0.297207020689


0.0
0.0999328117795
0.0713344685094
0.151565274269
0.198013619163
0.171949377662
0.175361367065
0.203149644203
0.183127818846
0.245689218742
0.268626185057
0.208167781703
0.285819210752
0.266863323534
0.173166327937
0.32001561605
0.326985058679
0.435378628595
0.388291089144
0.477032656658
0.260567137112
0.378229268357
0.363511842908
0.397565584671
0.380730256586
0.354757139954
0.411310759114
0.268697121959
0.372364662802
0.390456014019
0.333819861631


0.0
0.0907754446955
0.131737284625
0.148226017365
0.127332366759
0.175271746404
0.232009452534
0.235926530327
0.283833107864
0.31190322845
0.197767792328
0.338542969917
0.32127810421
0.415053592792
0.3241305988
0.381146299031
0.420519426307
0.429267486613
0.329040972369
0.386687155827
0.464702302885
0.520973648501
0.44255411801
0.585702281575
0.376941616396
0.431285727603
0.489722402096
0.458002698316
0.306380285619
0.391723745293
0.300629661851


0.0
0.059643718217
0.0474135295242
0.140163167763
0.121815091618
0.142790060804
0.207082663838
0.255698958904
0.184829097851
0.355169482547
0.28863311682
0.23243104343
0.342759987789
0.342751296558
0.369069082811
0.347694997599
0.306194444005
0.31702795726
0.323166545107
0.330703824585
0.396524652376
0.329940263974
0.398553275115
0.383036026988
0.381321367881
0.455480381276
0.255067645861
0.342180709155
0.365053220304
0.421935751338
0.442021025567


0.0
0.119373853211
0.120903265316
0.115728888653
0.175007548662
0.163211685262
0.268642729465
0.214150126339
0.145547892827
0.350863137461
0.281024387989
0.278304621186
0.24625943288
0.303359568387
0.351786432584
0.284364571938
0.381847736688
0.237521595521
0.270119440416
0.372649673331
0.365986660036
0.260100879216
0.443594165659
0.315307529964
0.306612722013
0.402894029911
0.300003662819
0.392491318271
0.38863830606
0.334339404396
0.375068900584


0.0
0.0778907083462
0.0410346586326
0.190843508807
0.206458276091
0.20302402945
0.190927946349
0.242054257475
0.256222360847
0.214600835611
0.257465986184
0.284211110675
0.289123299885
0.305377628152
0.333567814414
0.292908366019
0.302556901526
0.419884370528
0.378145027203
0.307989887272
0.383520568049
0.398626875435
0.194101644447
0.401696662849
0.331319299364
0.341264492884
0.479850016229
0.445081351732
0.21583517776
0.279331148026
0.295277045734


0.0
0.13524476669
0.13099031177
0.169131031892
0.168462387656
0.255253751809
0.183920513429
0.13073038377
0.279497136115
0.248672781035
0.17407378942
0.217396469542
0.280837214695
0.325634309372
0.236582469965
0.2570349617
0.342236425608
0.389358522384
0.425459625775
0.429028798753
0.523521423142
0.384050321683
0.372751759919
0.38292261641
0.40429526458
0.370384927963
0.48871753766
0.381166305649
0.449728327924
0.379754307394
0.365418469213


0.0
0.0463389798205
0.0953390788102
0.102051808124
0.141182691578
0.206376246123
0.185190283637
0.163772813067
0.273960210356
0.269508267689
0.346440439324
0.332233111195
0.292152208987
0.223849605146
0.322106609096
0.380678930141
0.365482746343
0.448319935374
0.359327185146
0.335154418144
0.487384578771
0.417167342715
0.309460491023
0.3838779467
0.352934554615
0.384842963129
0.465652279426
0.393085987321
0.309833645149
0.226953288304
0.228951546191


0.0
0.170015095632
0.163090264022
0.128829707733
0.175683485629
0.201887267703
0.175236792376
0.217677254268
0.282449585091
0.271970612527
0.300652601175
0.283339143585
0.368796611145
0.381946899087
0.260396584281
0.345366528908
0.349089376661
0.360237968877
0.502682123341
0.4078348047
0.397078638275
0.356436627269
0.418701273272
0.390188478574
0.365558716949
0.430498855208
0.463311765676
0.368261353625
0.302214685009
0.333293981814
0.344893596806


0.0
0.0905178498241
0.151677760235
0.182062222452
0.193152195489
0.196850812942
0.200462781517
0.261459855863
0.289708381697
0.327766965967
0.328782979387
0.380527114893
0.322997096414
0.179897613477
0.393780689967
0.308576108699
0.425360093887
0.435479992542
0.440392289729
0.365332665495
0.463632635885
0.342718424178
0.301975356048
0.361112670496
0.459004745753
0.374960108803
0.523768016646
0.525517405275
0.434430645903
0.43913890476
0.41163394102


0.0
0.083925452925
0.0970995495513
0.130251045003
0.0975898824225
0.182738658112
0.127236564407
0.224193149993
0.286607383026
0.117491019708
0.242081623921
0.305794834859
0.280900734595
0.312151544127
0.349754438533
0.347404471835
0.280237114959
0.298130381837
0.35252303408
0.460667463024
0.359643261662
0.366840601625
0.45173184493
0.413231091403
0.321857132343
0.348791787267
0.3216907856
0.34788632946
0.336245548855
0.351197750853
0.330532169586


0.0
0.0777203658554
0.113889370591
0.221628526781
0.192306511131
0.165754798239
0.209065203475
0.164295010188
0.252425421186
0.256232877793
0.302350331344
0.240476652733
0.358816012797
0.31075291512
0.343294190544
0.383685542498
0.363127234478
0.390372023139
0.363564252634
0.490177329512
0.531042959019
0.377880403044
0.321402769169
0.366226263074
0.374664731658
0.408758320417
0.290028804714
0.408837904222
0.426094356004
0.158818536571
0.303816123997


0.0
0.0788807289993
0.0494039966948
0.0831755451933
0.158582062684
0.0889569095459
0.205198513152
0.334851403942
0.160961626319
0.219718834819
0.21625295928
0.26976324364
0.347064891615
0.304880819685
0.292034620428
0.308563536014
0.319204348882
0.409778146343
0.246992083282
0.441994368665
0.423179287804
0.445333567243
0.420578993951
0.27834038207
0.30330542575
0.392769447111
0.36042057222
0.276062916236
0.406240445803
0.336273085692
0.356126950668


0.0
0.0588841105873
0.0777400400454
0.162827136526
0.100447516601
0.145290959119
0.223991935145
0.321126337844
0.246887662526
0.291433384445
0.258661192449
0.271288224609
0.29897814262
0.304999552461
0.289413054476
0.297212145258
0.301213699622
0.365667141895
0.405428432099
0.421211578997
0.389449573563
0.366763067948
0.514140808431
0.430995581806
0.467703006625
0.438568767543
0.48429313328
0.340044830706
0.269370099362
0.308742717638
0.320596254272


0.0
0.148178608074
0.0704546359183
0.0590839564978
0.107265156988
0.137911436653
0.175058928901
0.228090346132
0.257884482729
0.17829888014
0.253045998378
0.297389581447
0.274421728017
0.261285178997
0.296698792502
0.33046159541
0.338772421503
0.424611536438
0.247975568196
0.387794683517
0.312464023601
0.372938219919
0.507035577072
0.405867762034
0.3795641046
0.475051218369
0.361330697185
0.334167958596
0.358100709805
0.292036608092
0.283158131717


0.0
0.0250918417347
0.0750319914358
0.137002726258
0.0727840026023
0.12438300114
0.16508269439
0.191192211973
0.144384961977
0.257746443463
0.228572567725
0.268023239099
0.264016795854
0.323420035476
0.242212703767
0.38940870011
0.322494984651
0.364986352263
0.364496787765
0.281076600892
0.377171903838
0.420210405186
0.272544380907
0.304367397094
0.40644799346
0.409405910256
0.339960019203
0.476444578961
0.378967788079
0.353285657971
0.24888754584


0.0
0.103970426019
0.047480325554
0.162098230737
0.185842327868
0.222352941199
0.135281426353
0.321033073894
0.297438562218
0.239296885859
0.286112764077
0.28925382578
0.376243081251
0.238197883583
0.24640781953
0.317546168659
0.351239383101
0.447596011396
0.38461221752
0.364218252272
0.458291487698
0.272795479127
0.394860084466
0.368183639768
0.454773549282
0.386622700288
0.310068626564
0.491271375115
0.334432648148
0.329423094984
0.414907869121


0.0
0.0748941862303
0.146046580486
0.285674021076
0.212003543481
0.133597077359
0.246150323477
0.248389231831
0.216184817351
0.2565686842
0.355603038657
0.318077839783
0.309272391563
0.330838091855
0.348186840963
0.318143433587
0.390085475805
0.314185417808
0.468867749409
0.397791960978
0.296538320994
0.413781041153
0.424932597754
0.424111934161
0.438678340852
0.467730717627
0.457885661525
0.392997301173
0.441803506527
0.412001840796
0.275738119653


0.0
0.0928722010134
0.0706237245279
0.0716018417159
0.195320733798
0.202763433194
0.145139957585
0.215693861755
0.221595848633
0.270626589408
0.280491639079
0.249376451895
0.256429026772
0.287437673361
0.353225697394
0.362249176295
0.322407753906
0.27380324111
0.333581723041
0.473769152223
0.415606668932
0.35934734906
0.460543012708
0.374779609257
0.365077694804
0.429705102976
0.34848410768
0.390873117191
0.37787697508
0.341623303113
0.296060784338


0.0
0.0832881469192
0.192911308776
0.163342561479
0.144635233721
0.218232326316
0.26877490393
0.188336223004
0.151051979081
0.256041538512
0.279393053679
0.23899353107
0.468885274869
0.386172259106
0.335358425314
0.471233281096
0.443792141872
0.350677172139
0.366659152762
0.438824537392
0.376059437503
0.416540880803
0.356955200216
0.378126715626
0.457082009594
0.358550312572
0.502045500969
0.322919901474
0.400065509667
0.443370349663
0.485852800626


0.0
0.0553270295479
0.184683972161
0.148462699098
0.126729113744
0.158760539375
0.140690720343
0.171092013166
0.20639507106
0.223720501384
0.284330793753
0.398185185067
0.342600367078
0.248416836617
0.381487528887
0.289900394461
0.250387395677
0.383735059316
0.42338711269
0.345186850876
0.429384382522
0.385052109289
0.478344548304
0.348547538818
0.301990228595
0.397368466397
0.410105339423
0.329698874502
0.366075158275
0.277980029305
0.43913526716


0.0
0.113362475687
0.122409869848
0.161484872081
0.0852004072295
0.221461402787
0.289901685928
0.329863440438
0.214969552399
0.20724326756
0.291644715321
0.355711100349
0.413418084715
0.361683783907
0.370900468609
0.338679964145
0.367205959629
0.428946213598
0.457054479068
0.452731889848
0.429788883278
0.404966967077
0.402032046078
0.324961589554
0.388501937459
0.493215101943
0.326405060585
0.419757103311
0.407268472973
0.341954959396
0.375911628449


0.0
0.152547142119
0.112239558822
0.171532899803
0.0969849198117
0.221705997459
0.128439233259
0.319461440607
0.199596958399
0.26313865276
0.411183295727
0.2763452315
0.361333734471
0.342198640867
0.360064947428
0.429974726325
0.493722196208
0.346213141237
0.403395643181
0.249419435898
0.37275282418
0.397959868533
0.441737368157
0.368047856765
0.432354264635
0.298580146786
0.459381395025
0.394258215589
0.30415089698
0.490281463322
0.47852233398


0.0
0.0732857913584
0.101224828733
0.194219545792
0.102935057398
0.224982397728
0.284767745523
0.265110042517
0.182615155568
0.408834508728
0.288302945103
0.332634990133
0.35054635267
0.399132198395
0.378256416463
0.291816282644
0.423578883117
0.443900188176
0.395436562281
0.306656575006
0.449328067766
0.476752976035
0.488709895341
0.380975191262
0.403470412981
0.404855509427
0.323895020379
0.392439611986
0.364176667959
0.463911755848
0.443003106451


0.0
0.0647936638439
0.15236810728
0.0538401838734
0.123637405503
0.0859994803622
0.158912267611
0.211392739075
0.237796750479
0.242565142655
0.302542922886
0.287337630282
0.325921807137
0.401913241703
0.334680017697
0.314889166623
0.336865344988
0.30089114782
0.383922605706
0.450296693771
0.4153073161
0.461714295775
0.378593134987
0.446991533742
0.408834078894
0.420816427039
0.342932057315
0.45566373504
0.375827303431
0.416178761435
0.343536072551


0.0
0.102270914237
0.120784888283
0.233617369909
0.135929306431
0.183979533794
0.261601255516
0.262479823271
0.250182908105
0.249660905327
0.330151294212
0.397208623233
0.31716017023
0.315516929426
0.334725483269
0.355427488266
0.303787831082
0.3667933182
0.41646302179
0.551150347099
0.341031031213
0.43639331557
0.458264754831
0.38791369083
0.379408472129
0.434070155647
0.411615194467
0.434171403567
0.432041536227
0.370768537553
0.441757625664


0.0
0.204491788298
0.15359558291
0.108648773272
0.116081477559
0.174588005197
0.246128550703
0.18689481096
0.20166110094
0.292841796446
0.3155064297
0.265677143713
0.254386669619
0.246779282506
0.240015170063
0.38471384255
0.357738410724
0.194609693649
0.243375301185
0.383350969436
0.302781421567
0.255945713908
0.375942273566
0.330783042534
0.346735599959
0.262246228133
0.3514112759
0.284276133525
0.365446829605
0.286449289852
0.279522932679


0.0
0.0582903827476
0.215532010578
0.120634230853
0.218175752058
0.297860872326
0.177558318251
0.257273658389
0.327328789465
0.216969143348
0.352835450937
0.381022021838
0.243345800162
0.33317412371
0.380146855168
0.260610686984
0.350644271116
0.40704298103
0.32556692385
0.347354769232
0.402246580674
0.342894188182
0.410401784396
0.424636942662
0.373331373845
0.341818234832
0.394366517203
0.397515812452
0.350274108401
0.265515446594
0.28179168845


0.0
0.12152760677
0.155660169674
0.219189478186
0.172281215725
0.187257358604
0.214237053662
0.267546269917
0.24216999061
0.288559893835
0.322739363
0.417466009782
0.299514116674
0.290718248442
0.293212417442
0.424987700514
0.384998256039
0.382186139349
0.421027786312
0.479334742026
0.513925876774
0.563677476855
0.419924712649
0.45903968582
0.410134343772
0.552066124543
0.418680197234
0.443636207385
0.416628349193
0.346657905088
0.406685648293


0.0
0.100082057841
0.107434234009
0.144695425754
0.161582858977
0.163507035091
0.219285119826
0.264490524245
0.209532694373
0.208418415603
0.246158576311
0.31288021772
0.309321742216
0.29924542675
0.383782712544
0.379508292607
0.415477992162
0.335394390334
0.384865841102
0.371737740316
0.414861956886
0.371551676393
0.438367464418
0.44258015345
0.395730531954
0.425539669049
0.329070901512
0.436094965251
0.219065591275
0.375066551398
0.470211401826


0.0
0.137245696943
0.0726071459238
0.110777241352
0.125295543064
0.155108977483
0.210434635611
0.222069279642
0.300673339682
0.250142231737
0.217736606671
0.330671909413
0.232057168368
0.283961732235
0.301898521774
0.274133111398
0.415815689666
0.422477797152
0.322712174072
0.34874890977
0.424309951803
0.37071966271
0.450828437373
0.348652609245
0.323261415318
0.29337046601
0.306107860166
0.401971960376
0.394111252674
0.401620952869
0.479370351559


0.0
0.0955705579881
0.136603137758
0.115094059535
0.179732029498
0.18305121138
0.227724693603
0.311308816422
0.291653142796
0.334891081522
0.320753455924
0.404788262068
0.318562793862
0.263451635089
0.366373336249
0.361499843654
0.342131278199
0.347168278945
0.472158417897
0.313990201112
0.475844648236
0.426468377424
0.427243063443
0.470430365213
0.4057357597
0.387273374522
0.41451621052
0.474079610094
0.433789366166
0.380152678372
0.449694664366


0.0
0.0773112451966
0.107197703498
0.107806985447
0.152523076855
0.0700235969034
0.118912557776
0.230363974962
0.220175897783
0.233836228092
0.147026068305
0.308442404535
0.399366413251
0.326128989981
0.246241425669
0.32451241142
0.30827605585
0.369088691487
0.195355040142
0.304041420285
0.365076714617
0.304201496392
0.36502238514
0.250447345476
0.258277060749
0.391574439212
0.400587116104
0.351971631993
0.304123615811
0.362758183483
0.265231905964


0.0
0.0585307578724
0.0942771333875
0.104797172483
0.155353670968
0.15405481961
0.123549607352
0.26632498382
0.176411245449
0.252706820907
0.301433913825
0.279238565813
0.273799483451
0.201761233916
0.36105609969
0.310635133724
0.418953870846
0.381109565141
0.310976214204
0.411701821628
0.294438393371
0.430566518885
0.354091559148
0.488837989497
0.433092928392
0.563180656922
0.500772052118
0.353093306173
0.449678414945
0.262484681426
0.446632658353


0.0
0.138343258871
0.153471078849
0.195016147909
0.196163363906
0.192334701667
0.184392701541
0.197119550102
0.286391670819
0.278411919461
0.242033593211
0.213125909021
0.292783096012
0.261844937474
0.2950425519
0.464712098645
0.361979115838
0.393715535917
0.313748487612
0.381369382601
0.436505595495
0.48456266783
0.344019314199
0.567278248158
0.37785981253
0.385220817128
0.458034945058
0.397276431019
0.334091509394
0.271165645271
0.354662315929


0.0
0.0847264777938
0.133227090226
0.230062742945
0.149432318442
0.222656352008
0.26028800951
0.191259500396
0.271032992636
0.284327791309
0.357495569358
0.306934411532
0.25803245837
0.217714466417
0.406082380922
0.278847974655
0.422514277399
0.339948018356
0.437487424979
0.231398925447
0.500893033008
0.375979593238
0.349873365115
0.332640085069
0.411319830579
0.288856575594
0.455545919999
0.249734688968
0.331729600627
0.412490025559
0.330997583145


0.0
0.127367178934
0.15643157362
0.189859418023
0.147042517697
0.188516065422
0.126904768909
0.173602990952
0.26570751059
0.258768075248
0.347367092868
0.304162540131
0.245874884789
0.243345764069
0.237205496493
0.384913220811
0.336412876768
0.369694636629
0.368597805541
0.336435626563
0.413360216936
0.394641867084
0.511035295714
0.402872608722
0.510912598172
0.370012399971
0.412592536333
0.331165389464
0.277779383432
0.383887369183
0.310953536282


0.0
0.0924846118617
0.120402076544
0.15666796646
0.12919172662
0.234385642918
0.226732193241
0.135059213539
0.219855576696
0.211426424365
0.286090966619
0.281079592375
0.275605003315
0.375089621846
0.390486000831
0.376555402789
0.47267022784
0.441011647742
0.400004677472
0.405534263391
0.436343373723
0.375160700769
0.501401569358
0.478316416779
0.359247399192
0.497004485201
0.340393740117
0.382051898349
0.37081379227
0.441716564038
0.362658298942


0.0
0.109571170477
0.0914168506598
0.179534307767
0.118765225316
0.116235579244
0.211380927086
0.235386569252
0.305796822469
0.313759512347
0.313115664937
0.337488850679
0.301972195902
0.387772783303
0.453846914751
0.405151352645
0.357828771618
0.305430586703
0.3750944762
0.403099316755
0.364532102177
0.321562985427
0.361802874624
0.338768717182
0.377486242317
0.41727955383
0.447266070564
0.394907008617
0.393012753346
0.364641822857
0.34374791835


0.0
0.0611432252651
0.0454557367817
0.0975011987399
0.217953550834
0.253703944751
0.224305598488
0.253177366177
0.251267432661
0.273605039013
0.378126098454
0.371525936067
0.368742684152
0.421170747876
0.450111628909
0.356622974476
0.39285260643
0.356421385857
0.400352994467
0.451063430777
0.371223017102
0.35402501892
0.38251404094
0.446726050637
0.407960295966
0.359763321356
0.420363901517
0.321472729531
0.53329710293
0.333119575683
0.488346872952


0.0
0.0614594412595
0.118035383986
0.107929396618
0.1534156875
0.162734565191
0.187717716532
0.215659273472
0.279558639636
0.307008539078
0.285412682876
0.324856513891
0.255997802633
0.315898711962
0.264190373281
0.393281105763
0.438499028013
0.371033672539
0.379400105234
0.464620955299
0.41657411259
0.370522761513
0.394779274149
0.310471852677
0.469740317361
0.299635465156
0.295979578449
0.437731536701
0.504200149028
0.329160984466
0.298275673256


0.0
0.0757762305785
0.102591817334
0.0523951280085
0.0231722434723
0.119524291431
0.153987820881
0.253243951361
0.221451723369
0.253438429552
0.22711014763
0.244180181258
0.223262030841
0.33597285464
0.303820941945
0.329813877836
0.274868103012
0.30982429488
0.409397030072
0.41125359851
0.31750828623
0.443801448472
0.292551221187
0.440614642311
0.323994894992
0.35632906898
0.35033000133
0.366092668017
0.340763627044
0.37894771861
0.278698278760.0
0.123426350799
0.165972200915
0.0858471846421
0.102433283328
0.217010131349
0.169455582243
0.249205458718
0.281682341083
0.238302361024
0.304590059721
0.333068970012
0.320547343085
0.411822934043
0.309660014377
0.294384320668
0.403056866798
0.474798054632
0.35650214297
0.353336672191
0.441553909718
0.486435858311
0.318262099643
0.388865027632
0.432021062311
0.314868093992
0.407744584326
0.435273981807
0.448743948835
0.387428786476
0.392188258475


0.0
0.111290859608
0.094249352928
0.168145491163
0.23827626999
0.145122554415
0.230159834093
0.192449499429
0.249272620913
0.268072638437
0.305351118323
0.341284114876
0.321080432349
0.457033767365
0.328984971
0.407027796014
0.365099833318
0.442578895478
0.430366664376
0.431859275105
0.272421117028
0.501899594301
0.430264479719
0.533283271006
0.531578332453
0.40401970914
0.455169336725
0.321276022136
0.334424702509
0.272955896883
0.384949871392


0.0
0.048877308697
0.0897390056894
0.0778017196731
0.113541444096
0.193311467056
0.139510721699
0.238509686653
0.224729945878
0.195053648061
0.222916941094
0.219822430746
0.291333413044
0.367927991633
0.291632952115
0.379462637727
0.323759956062
0.305440922173
0.386432696356
0.369551366128
0.364812932412
0.366211681402
0.481799651656
0.518994909886
0.39433298914
0.447682045733
0.356198914217
0.422693206471
0.301459930448
0.3274849682
0.224490327559


0.0
0.150321494615
0.167981982356
0.0914086307536
0.157820295197
0.18729058526
0.214502194435
0.198543020252
0.285873075529
0.331502407984
0.254206134291
0.250929540397
0.335613061098
0.329159235056
0.436803142865
0.432413652906
0.396545664315
0.411717747189
0.440040756732
0.381263618628
0.238037931808
0.388409671135
0.443588438032
0.418965141199
0.370461359454
0.49489069356
0.497287483817
0.446598713047
0.33755659798
0.458520866221
0.490117893705


0.0
0.0957711080074
0.11235060958
0.098592736356
0.255541880695
0.211140447416
0.251226431687
0.27927268492
0.16831294446
0.284406863048
0.268380687921
0.277525785182
0.383067724172
0.303562900065
0.350343470745
0.389301636759
0.360395752699
0.301037001185
0.457237202084
0.455433922379
0.368449122893
0.472423047013
0.445712589312
0.448909134518
0.425035044622
0.312077037319
0.456114828159
0.347319068376
0.353386128997
0.27751289316
0.416718861052


0.0
0.104480326178
0.0842407802792
0.0988454184006
0.10264804444
0.14792089414
0.224370684332
0.180753566978
0.352918285104
0.230567059512
0.239616729949
0.278997672368
0.247965482933
0.279581197394
0.388513180394
0.359227995645
0.250130090582
0.327951199633
0.409334687218
0.398846389383
0.377448725422
0.449571535063
0.422506946688
0.430468259793
0.329344741774
0.361091474678
0.373375392462
0.440028361094
0.313342697312
0.38426736641
0.367634319514


0.0
0.0618839296617
0.0764240913585
0.100129596288
0.0778203427941
0.128433110033
0.167582113385
0.145837481144
0.168887060725
0.319123316899
0.231697485883
0.396877347446
0.349953230804
0.32366601175
0.368553262734
0.264923859056
0.439988909079
0.360300140021
0.370432725148
0.423088683767
0.343618710456
0.295327626507
0.351235475741
0.331808147544
0.39017425386
0.47301219662
0.454683818884
0.27998273595
0.229006000566
0.361328378198
0.44235132933


0.0
0.112901157667
0.0650109265501
0.0848494072911
0.0796111734531
0.189430129116
0.262302765676
0.0980072616134
0.196728254009
0.229978777604
0.178365529192
0.339154883956
0.293718627483
0.316467514176
0.25429189599
0.405109016411
0.386468589583
0.426659399883
0.426067912649
0.452333947858
0.32899607432
0.353796760343
0.386276187279
0.365634199601
0.423684260692
0.288015426639
0.261662850785
0.246335604676
0.479042577696
0.246709876526
0.269746421929


0.0
0.00262887069169
0.0335830671416
0.163260698883
0.139097351474
0.165758389112
0.194987851026
0.282848185759
0.19030921286
0.217045673394
0.17198271667
0.257410010866
0.300663134804
0.337398166039
0.332997298471
0.304116218234
0.343825065466
0.425572479137
0.318083743292
0.400422801929
0.366056557755
0.389458901763
0.375852251879
0.300913709532
0.422280464663
0.316982422923
0.372894848732
0.352459099462
0.40199750352
0.38114988118
0.377763274064


0.0
0.138052740544
0.0782484801922
0.0577320397838
0.111201037212
0.140176838911
0.27876432159
0.246925255079
0.220724059479
0.230014847863
0.356167590346
0.314951883627
0.299054971906
0.381902653426
0.366853117775
0.358658005399
0.36127943838
0.44739686928
0.581426085304
0.369632189591
0.465997592031
0.422131652487
0.360177812579
0.48740099808
0.435625195845
0.464388054281
0.42838987471
0.286334443748
0.381426711695
0.424812226787
0.31281173977


0.0
0.0775454123553
0.0957293808968
0.210238282594
0.145936047811
0.251240510857
0.224674941489
0.223320695024
0.139724642452
0.283071962664
0.193165171322
0.381373924792
0.323880654806
0.439888623097
0.35404527762
0.434117892148
0.423448176002
0.359636872502
0.384386509725
0.37296027947
0.40310081026
0.402711798484
0.437229606997
0.269401418967
0.372088893306
0.333297288836
0.505535770735
0.32045013497
0.379002835266
0.384921832678
0.439871660471


0.0
0.106521460242
0.0525914432938
0.0959041189245
0.126274646593
0.161913307558
0.145270548153
0.127379542532
0.246996336401
0.32278256934
0.228115849647
0.275549997201
0.302363364226
0.347218359073
0.344837124762
0.22758708536
0.378925330961
0.291148027623
0.272193135085
0.310080893094
0.354320030007
0.476079767245
0.385673047693
0.349098789845
0.411748897333
0.269892241779
0.420408736358
0.334748125529
0.413915982495
0.408381932304
0.223293239891


0.0
0.1486366702
0.0937278923239
0.157010683863
0.185594723038
0.232591213747
0.188647290092
0.262150148115
0.159610346407
0.279571963998
0.229837355284
0.324896018288
0.259835867827
0.406877751545
0.467592571997
0.384564511354
0.252480761824
0.482857929374
0.458477881956
0.389815935463
0.324706572684
0.38280857669
0.345688163126
0.419003352675
0.411748889917
0.37971821509
0.418119617875
0.305488632609
0.307031896653
0.330900989654
0.308669117072


0.0
0.0528316606888
0.114753147299
0.0892816852287
0.0811304399275
0.20512151477
0.229444990927
0.265259760681
0.263103013256
0.190159330706
0.33802544371
0.305246915452
0.314148356233
0.228115272239
0.301454602652
0.284240604455
0.22853472197
0.281872032384
0.427480409752
0.309818039761
0.416925729208
0.367454304699
0.390725663575
0.384082447849
0.388772495452
0.319209668511
0.439070758329
0.34915760021
0.337522332239
0.231422481098
0.422102001726


0.0
0.0384613727253
0.136294856838
0.114719477967
0.11177480695
0.162539692486
0.211527221097
0.212765704955
0.211193592317
0.222895953538
0.275956571583
0.297761399432
0.385939060764
0.383822330366
0.400778014493
0.336317032518
0.371234513171
0.364645675582
0.444868985448
0.508653825445
0.445335069376
0.36660069598
0.395066820976
0.326377312498
0.323990790688
0.449007365669
0.384327371878
0.464842386338
0.467400376728
0.366213879215
0.374214807012


0.0
0.088063673709
0.216587548218
0.137095880248
0.145123121098
0.193890091962
0.217370068424
0.277367339408
0.318088271157
0.340478639303
0.444620923403
0.27898026778
0.286013023159
0.218814053996
0.296120645861
0.35973509806
0.360915519435
0.281256941162
0.337350441376
0.47768049875
0.346979474298
0.41304240007
0.323880797297
0.392018371208
0.457256005604
0.381869163429
0.447571425306
0.4470630214
0.450688300137
0.375083837991
0.353566050953


0.0
0.0858590560008
0.16715101848
0.0563439383628
0.140437474172
0.13336437261
0.104970687589
0.207865587375
0.272459706168
0.219296350922
0.276645548976
0.341621655044
0.292962473383
0.302942016995
0.339114320012
0.386764316222
0.381216729279
0.349250955417
0.288814060831
0.348704401473
0.300824781062
0.42631171408
0.465022192968
0.415142986953
0.377379976552
0.462937536
0.409209562875
0.387209252571
0.338071300605
0.434329719192
0.340826113047


0.0
0.0635176455228
0.131803955714
0.134594198516
0.155441984525
0.184726016409
0.150290908534
0.268717939218
0.177889440336
0.365270274742
0.357428776814
0.303166610716
0.25146670265
0.367838488009
0.320848399944
0.376314502551
0.407025707914
0.449852688776
0.374232134811
0.387086047035
0.404452843725
0.427529615616
0.34589308115
0.447963918439
0.423309167297
0.404096150836
0.278611790616
0.44018379979
0.490557924788
0.306825220282
0.489512825683


0.0
0.0678056995283
0.192101035013
0.121354193569
0.165610873284
0.133542281532
0.291038826161
0.190876496265
0.323228112669
0.25581404897
0.280069627086
0.429236937661
0.374801951625
0.371087159626
0.385631332796
0.399752387782
0.369524713263
0.406808017091
0.35578504201
0.440641937572
0.310557933137
0.459823089939
0.385530747456
0.39432819887
0.395148357621
0.26846331052
0.325765033106
0.390302063824
0.461951629907
0.316902277799
0.308842319243


0.0
0.123143032083
0.135424060306
0.141129364725
0.0705113192101
0.124443799509
0.200901850142
0.176042265083
0.0970686977035
0.227712544419
0.17075955804
0.235987440925
0.261485115652
0.266305884759
0.254082284768
0.350437889758
0.371430984352
0.353781913845
0.207391621811
0.259129835381
0.253587150618
0.422335977913
0.2605456562
0.39910774595
0.307999446348
0.292318458503
0.370300415144
0.252543563682
0.284140290151
0.280084463234
0.322067017592


0.0
0.035480366551
0.0809189621653
0.164923653612
0.233069969744
0.154054537165
0.210102275281
0.211149603285
0.260563451221
0.208352342951
0.285550431976
0.258351595745
0.310265032978
0.385717679241
0.338916193072
0.354667845841
0.305022754509
0.355419559138
0.404720351054
0.481743400342
0.374116710621
0.442392708914
0.311835133329
0.318132275347
0.377704440263
0.400759376216
0.396003186179
0.451842657894
0.385605649031
0.38484188479
0.294607629148


0.0
0.087506711694
0.102851195596
0.129448260082
0.178445659464
0.145179867433
0.153089938944
0.2839808241
0.293952952429
0.292663581863
0.323195998299
0.324094792042
0.305222073271
0.415683453196
0.359753670184
0.276014629982
0.289216268167
0.411435354015
0.494979116463
0.36578473534
0.404084781542
0.560973890312
0.479260025626
0.421055820561
0.390142896185
0.46181332618
0.360977256254
0.507681889506
0.374718566364
0.402422874432
0.401844221128


0.0
0.284954530329
0.178397220214
0.210214759291
0.229188212485
0.252435453681
0.228888274326
0.338346532087
0.259486601419
0.328982155594
0.35525172376
0.278101130522
0.243526835059
0.311528052409
0.389451854273
0.378542328384
0.305613057885
0.375811671669
0.490251785243
0.471068735836
0.296210176007
0.385919557867
0.388843502056
0.455533483998
0.368496052329
0.479304954623
0.55352222106
0.284986624344
0.297614684329
0.46612879031
0.31366643288


0.0
0.135908988624
0.155376078514
0.170164950568
0.18999761355
0.196497136036
0.286903714185
0.310389846479
0.283565788857
0.26845395606
0.329327993984
0.282247776644
0.372461318447
0.367324772076
0.321848452404
0.430986136155
0.443494596322
0.35127825873
0.477490758472
0.444709294717
0.363326492134
0.432927477086
0.446864097233
0.367248828607
0.466193911373
0.460380365654
0.317927017903
0.286936093489
0.377304400389
0.268170706383
0.271959251468


0.0
0.117868208128
0.121343534102
0.0970681596714
0.175145548339
0.170792217538
0.171247393804
0.216317814513
0.193914670595
0.230520940267
0.250418498251
0.243745505467
0.31550335994
0.410724819366
0.240068296493
0.391265870964
0.275570561067
0.331850889521
0.352378290348
0.418139877046
0.430874770639
0.406732391463
0.318608773097
0.395671726147
0.362384851577
0.388220811244
0.366741566523
0.274989014044
0.289012691184
0.3258785318
0.20421142679


0.0
0.110628703495
0.0305878626289
0.101454349841
0.0482296777512
0.174740071637
0.232728324156
0.260985734198
0.217082064758
0.272940922173
0.418133812834
0.324611588884
0.250720059448
0.378959451997
0.367571582512
0.336628029086
0.328161868389
0.510944148907
0.312376704907
0.331001586303
0.279233682907
0.269618053208
0.443036363085
0.383526216867
0.478913688774
0.341864468606
0.271321202359
0.482076870869
0.326951415832
0.406233280145
0.340423921083


0.0
0.107069315719
0.0832604409256
0.20424963379
0.174494882642
0.287952932295
0.272838180334
0.219701464248
0.322300509927
0.28316642587
0.30372063713
0.358985185234
0.227578970174
0.281717197445
0.386924058675
0.339099554601
0.352110226962
0.490408619769
0.429684354712
0.393573023582
0.442414147072
0.435736959211
0.422518360326
0.328098324449
0.554053776948
0.385002930187
0.469738191989
0.347993727056
0.422421712003
0.361438260893
0.480067679577


0.0
0.107428933705
0.146330738007
0.223723603487
0.16556453015
0.213359035148
0.175676622114
0.191765926647
0.404128324227
0.202539921087
0.341320570627
0.231669124455
0.42521757781
0.352379197917
0.281263962471
0.335074886118
0.369185179899
0.322515726397
0.362371793822
0.377015516403
0.449012465457
0.421748199424
0.379106539153
0.414077077933
0.476161168942
0.360993785088
0.573793414584
0.425907370025
0.429509389404
0.38967929549
0.405293488719


0.0
0.124380180828
0.247093537439
0.189808907511
0.250230741366
0.219369408479
0.249541843593
0.245612355905
0.273148736289
0.232950591155
0.351094151167
0.349280635934
0.401011281211
0.420411002152
0.460114115222
0.408333621938
0.345414765613
0.394801171852
0.353693361821
0.393666920234
0.301855168794
0.413887520082
0.41340053533
0.358848011576
0.373551271756
0.439600317273
0.307355084363
0.291520785634
0.341077376994
0.479220484583
0.372263178503


0.0
0.0916045910438
0.0823223257266
0.189610572732
0.16755458319
0.170889416842
0.324922932324
0.283125502406
0.297269683864
0.330585678012
0.34408304291
0.357558940955
0.343021649957
0.286378238922
0.428902602217
0.356722865753
0.380598639682
0.324412568154
0.38891036852
0.326568331244
0.357725695953
0.353039053378
0.377622616041
0.360582773826
0.379098139443
0.385654231591
0.400536780096
0.215834757477
0.350239801801
0.239917139089
0.382601073484


0.0
0.0671047626463
0.0474098244084
0.11680357316
0.113376508945
0.201971080681
0.163081094854
0.214011390608
0.257625765151
0.10544723601
0.234148647623
0.229402830906
0.264466784188
0.211628292905
0.306340683236
0.340815783861
0.402207913979
0.351326211929
0.308365879088
0.303544118093
0.304710535072
0.328246707643
0.403548913634
0.383376029529
0.313001554864
0.294890917244
0.320653977626
0.335118257466
0.409146424433
0.404555183224
0.33379228791


0.0
0.0902726389657
0.152775153808
0.190146507568
0.206973340802
0.230146170791
0.239245377381
0.238636563665
0.271543484631
0.246900646239
0.20741161421
0.230361679151
0.402035047538
0.281572123645
0.289394714073
0.285328274286
0.374103535161
0.308379825948
0.285065752765
0.439486775463
0.282987959986
0.413477949103
0.382053028837
0.407860503545
0.349452124263
0.454108884388
0.335389963769
0.360417305491
0.40889436131
0.330142225808
0.237786194133


0.0
0.0461860017962
0.1394845456
0.145691318771
0.156528302499
0.215747795218
0.268842455177
0.179142738101
0.234566781323
0.307332026587
0.395738192577
0.386563972348
0.312290205776
0.221453920934
0.291327617424
0.401729061149
0.310137165401
0.348285109241
0.466879413224
0.326689014136
0.407312115018
0.287603027109
0.376767660513
0.436514678603
0.496889840847
0.493352915387
0.375517652681
0.522107457017
0.508403149479
0.332755002484
0.364486619655


0.0
0.202537354163
0.154617600001
0.083942015723
0.185984448144
0.197562902784
0.288362605168
0.285437864509
0.268276290521
0.275873387697
0.374048993345
0.228272732451
0.32846294474
0.370976297332
0.365759191691
0.413877381068
0.44201719647
0.427480459135
0.366649402331
0.422639770059
0.452712620639
0.375051277906
0.48897337176
0.411168661472
0.336858903205
0.454099510129
0.458902800851
0.369940118269
0.43783389394
0.321221290423
0.287102256192


0.0
0.119675555373
0.102217631475
0.143691927452
0.156483249698
0.18871520951
0.310184792887
0.188941010295
0.394935113895
0.336792752205
0.257287060232
0.304542958987
0.286448817463
0.299326258958
0.272902718667
0.398033089155
0.39852968248
0.318141471129
0.313905767406
0.354496068869
0.356712758565
0.380556365681
0.314338022397
0.441325186936
0.407466101126
0.27665814735
0.325902730309
0.327330651636
0.371974988587
0.334016618331
0.329163577474


0.0
0.0950733476064
0.132278530699
0.183979670054
0.180230515873
0.188863003366
0.200135868696
0.262850133714
0.297431465124
0.171830630014
0.32685914252
0.288938997191
0.317908486552
0.358675169453
0.346583236542
0.4121431869
0.296739658917
0.389420015762
0.542692747956
0.476701179536
0.436522457183
0.414561645331
0.445939727711
0.351870708068
0.388804150236
0.325166088926
0.391054884646
0.506467241209
0.47369717423
0.352620844835
0.299257414562


0.0
0.0985045384456
0.148559071689
0.169254042899
0.233953978675
0.292424679893
0.274769610769
0.263012742935
0.310041590846
0.416065309169
0.239275489342
0.399235247145
0.308113477284
0.443044738297
0.375688015493
0.447055049319
0.479532013518
0.467837545946
0.37907446138
0.502322006817
0.486474430097
0.437423222344
0.465350527
0.440326443044
0.458076181918
0.414717745451
0.463950053609
0.365052389139
0.402522603672
0.40532944194
0.35340791185


0.0
0.103372379787
0.253823813948
0.125225836399
0.144400115277
0.160327110125
0.159211452626
0.233560813452
0.205425952896
0.268883035361
0.320167025697
0.23648380357
0.294192800846
0.324642331034
0.315683001675
0.383685564069
0.386214720758
0.376012574395
0.455278595301
0.36355376054
0.481854704364
0.399097018155
0.384934385735
0.393965311248
0.359418775762
0.472071220815
0.465905928155
0.342079776474
0.427297594775
0.392667395841
0.36999001538


0.0
0.121952995533
0.139510500522
0.118455910775
0.122748374599
0.155623413896
0.160509916193
0.257583377809
0.238512697839
0.252263547448
0.283157487137
0.242307853898
0.245726904386
0.328277348394
0.28835930148
0.273698737711
0.295183679037
0.384559825291
0.368139207609
0.398711632727
0.381632796942
0.441899262826
0.297237371169
0.330777190376
0.359112420375
0.40394445859
0.329264158525
0.327238483049
0.476078638852
0.305793868048
0.454141672234


0.0
0.119344183323
0.13715078409
0.130510781885
0.130014112181
0.182420715836
0.188347742133
0.240338986641
0.211520025132
0.309319788904
0.324345542703
0.294658299941
0.465477246888
0.419966620583
0.390045188924
0.314289748264
0.466142655909
0.420491596876
0.413174655278
0.461875448309
0.449078674549
0.415921361979
0.434456435477
0.540913697563
0.438504355976
0.339600615356
0.431269875293
0.399809233749
0.409688862892
0.436155913751
0.344060795868


0.0
0.0712802859573
0.0675006699897
0.151888916722
0.0795241532677
0.215055126198
0.23747033878
0.212537002862
0.261887687974
0.225943284521
0.332139170519
0.306939629953
0.290020441714
0.253217496296
0.446414892304
0.285698925631
0.317700132563
0.291774160264
0.367986507355
0.464767164345
0.284576559712
0.413432588783
0.361086779922
0.248995757215
0.438141806796
0.346596198684
0.347089300089
0.318500350634
0.268157041529
0.425108509528
0.292086422979


0.0
0.163784762946
0.0983295639049
0.124919940216
0.133522300014
0.203862753895
0.247965155717
0.19665046527
0.251238049323
0.249853414941
0.277876035624
0.317676216654
0.308495773268
0.329802478214
0.31696495082
0.371884517162
0.287386624295
0.421489460372
0.308754675576
0.401435224032
0.495301684919
0.404822770208
0.498780189664
0.51497156708
0.41055661897
0.344163484557
0.226167657722
0.453178816553
0.539728698212
0.41624244039
0.367843046897


0.0
0.0911259081584
0.132943547585
0.0571274695135
0.112763821055
0.170218434636
0.170500767909
0.193696429814
0.169349311763
0.197081160407
0.297958779132
0.211165971754
0.331613836804
0.34705370145
0.292951881831
0.444005602242
0.340579921605
0.305897832009
0.407136768054
0.272123284
0.350441722833
0.423330152793
0.343061547146
0.37059862401
0.41415335747
0.294888271141
0.359543133345
0.353267937473
0.299562674174
0.418952547347
0.354968523604


0.0
0.163582724149
0.0680185421361
0.0716860291114
0.0794805878846
0.153919795892
0.203211009596
0.181743306737
0.197482054524
0.158831971833
0.252390888523
0.205337808077
0.321513043352
0.290879116663
0.336326417421
0.225496949008
0.318797845961
0.366450955333
0.200532024282
0.275200706014
0.268794363129
0.323822509379
0.394468044835
0.340983791042
0.31352161057
0.316044651219
0.338407701471
0.450967752177
0.204833106616
0.259876015621
0.283127038103


0.0
0.0838064374947
0.128802651086
0.121653079328
0.170331095182
0.185572160711
0.197319269597
0.136208338668
0.2753186787
0.257462656091
0.235898813374
0.2729975627
0.316492057282
0.308891716419
0.301583050976
0.342983197766
0.298867567304
0.366411254288
0.283637355725
0.449787371563
0.332407360392
0.455949591535
0.395575484941
0.44790676442
0.34009924924
0.404546398265
0.421551702342
0.304503340495
0.229773792136
0.346650940464
0.324011142147


0.0
0.121419379053
0.106950837801
0.112136416239
0.212873294579
0.225383206228
0.161224447361
0.240047464723
0.221642669684
0.311287582475
0.310059984134
0.322502542092
0.232276352274
0.239486759102
0.308113666752
0.375271827387
0.274416019802
0.345944935832
0.349442657981
0.324140043252
0.386155189902
0.348067559361
0.330582324927
0.488050404607
0.406131387949
0.381872131733
0.41700046964
0.397449307582
0.354796865488
0.413492174291
0.361456987782


0.0
0.0800755629464
0.147217976958
0.132261071594
0.202009840186
0.314520505952
0.290960026679
0.263666310749
0.233905632214
0.266326460368
0.270538594506
0.237677969241
0.270683189383
0.265355868773
0.390420573587
0.329263186532
0.36564785509
0.421688790452
0.314217379009
0.404290500248
0.390575390886
0.317223244598
0.333203793034
0.3306343837
0.437753616683
0.389988806644
0.355046419782
0.29709490238
0.301409132683
0.445132297927
0.387620332083


0.0
0.0527094365262
0.105251176622
0.12390711444
0.12277254168
0.19321533867
0.178853800403
0.170809570557
0.196588549099
0.266910819585
0.154565129197
0.288498619376
0.27723244446
0.355423510527
0.324522085822
0.30379269753
0.164142953307
0.288759548202
0.39678431951
0.351552925862
0.392764733451
0.360605488617
0.378960914323
0.433781343963
0.404048317294
0.28075029183
0.345125940896
0.318412401851
0.302708292004
0.43296794084
0.208242752452


0.0
0.0944897291604
0.106473863606
0.113063894476
0.212313358875
0.127442368183
0.106792797727
0.211475797465
0.171223332667
0.244299541239
0.293833696399
0.211719662245
0.252176280016
0.293204953483
0.320730405167
0.362600393693
0.372417258292
0.378392611631
0.376449798997
0.253532822144
0.294982613099
0.287099441949
0.343172616347
0.326699206226
0.364706883968
0.413633215729
0.320787347781
0.256015243882
0.303287232593
0.331180028766
0.308510133514


0.0
0.0976109494559
0.0791544490587
0.177791527453
0.20044142387
0.162603763918
0.199853033338
0.267218161601
0.272238022557
0.385831314903
0.245871289674
0.32033273147
0.215458163023
0.362746208079
0.263290692595
0.317363457562
0.3916216183
0.391536385513
0.296340319757
0.479091804018
0.351869897111
0.356368681936
0.364473432911
0.373930789616
0.336100866448
0.445048085386
0.334806231492
0.36823893445
0.428951883447
0.425252982424
0.391680511684


0.0
0.0793745971589
0.0763775035716
0.100088694058
0.14697999939
0.157098651316
0.220787643626
0.265875791183
0.256000000066
0.2298246438
0.311123534897
0.352451263109
0.368247811037
0.430097507159
0.341943564685
0.396020179288
0.4242753602
0.387532304688
0.500481331378
0.477001894319
0.428448972724
0.456652060927
0.389612226447
0.318031889844
0.461352199175
0.450513925238
0.288869463729
0.417151738433
0.552729691701
0.35015915951
0.447536157407


0.0
0.10770068772
0.101807217674
0.201412239257
0.119602702769
0.210836083706
0.199919626457
0.178596958991
0.317807113333
0.283499063674
0.307187157943
0.22806317931
0.216535694986
0.436302667367
0.28305731413
0.328375182063
0.373416657024
0.325460227346
0.336754124778
0.413112362726
0.366336833492
0.413975059322
0.415199538644
0.394951118734
0.369928530042
0.3939359262
0.391315003048
0.388512022935
0.289967522299
0.405429203525
0.34491847326


0.0
0.0786569852268
0.159512161103
0.178192709877
0.285679598926
0.161330247833
0.248046908599
0.323557545924
0.274622416204
0.29874138844
0.249356695174
0.228856669208
0.308413908205
0.334901227816
0.315491014363
0.402440834772
0.413276594724
0.419181533587
0.382328744774
0.368841497723
0.311461831123
0.45708577166
0.384685661206
0.34759164871
0.458706055905
0.350595474678
0.484820789275
0.42740915654
0.290705569907
0.322820737289
0.3837177595


0.0
0.0827142395273
0.122603248678
0.131417493168
0.266381096021
0.258489034004
0.185281916994
0.218459926868
0.252026593292
0.321902449723
0.305877929824
0.187130041155
0.385216705116
0.316165171179
0.260791015715
0.321362623823
0.366840344662
0.348103881333
0.357152232778
0.315326088136
0.391367650983
0.35461253984
0.360939030977
0.469615375084
0.231117574145
0.350932633355
0.338750588202
0.414279509779
0.333395607226
0.382385507542
0.423427748076


0.0
0.110844644032
0.0956085486861
0.137767631199
0.0888812561969
0.135453733555
0.14871531213
0.221676552127
0.2448024569
0.226311175279
0.300976565351
0.335983853767
0.286400235367
0.331346172514
0.255087239353
0.355707339982
0.46795919634
0.331189877514
0.370572659811
0.356672248449
0.335780737316
0.427377477158
0.472079459565
0.395929541572
0.366561040907
0.387635678495
0.423086343023
0.295645956605
0.336730539053
0.317184874086
0.333700632407


0.0
0.113532405666
0.0359704121962
0.126661802818
0.215067473483
0.235304906175
0.188846893913
0.22256876247
0.264920061779
0.316055353556
0.326561545349
0.287223341671
0.293108847183
0.414211452067
0.358697474344
0.33635437195
0.415236629357
0.300122196701
0.34941405148
0.46575081543
0.348018326871
0.345561881891
0.44496553438
0.370820731636
0.44970953709
0.445129593156
0.342291177388
0.327379927353
0.348588102469
0.404950478283
0.442637422296


0.0
0.103682540632
0.11692685938
0.173800797086
0.121947180721
0.148646422387
0.171274289566
0.270512748992
0.19185990222
0.292321211943
0.205535388884
0.192208831359
0.366830506274
0.223704442344
0.438562526026
0.26385076075
0.398772301673
0.269628466147
0.39921923099
0.349725084112
0.3313592459
0.298749902324
0.388341096938
0.27172824134
0.318167052197
0.374794121776
0.306065196957
0.285137455492
0.305412637249
0.35725528191
0.340323440483


0.0
0.0949633426928
0.122886289261
0.123955269662
0.161833908972
0.204659493588
0.153903492315
0.172021337711
0.179440049156
0.31249946675
0.27218020385
0.201996937332
0.33852937154
0.305445128485
0.371562181806
0.284626655827
0.334362995123
0.444572274601
0.440535150473
0.290543993769
0.351635309929
0.318080686778
0.406732815309
0.411813693546
0.360761536958
0.316714458268
0.339074347073
0.489152073196
0.287773301475
0.361041236706
0.360442774232


0.0
0.112605997276
0.0977018804045
0.0666372833996
0.199954264925
0.199207377576
0.235364294282
0.241482750074
0.247240001094
0.2429576178
0.25285307037
0.207315725717
0.274642300615
0.361234654852
0.319380524986
0.330389508918
0.390788905315
0.415922367408
0.332029395106
0.393491078078
0.435629806998
0.402623909126
0.352929655691
0.492311720636
0.352837928228
0.324968941188
0.430666597359
0.427211708279
0.421722887412
0.387084035277
0.238500431157


0.0
0.0817789466686
0.136901360026
0.169699665661
0.158601643178
0.202862035818
0.156193659633
0.239930106636
0.178744159994
0.26015527773
0.196019523904
0.271576235295
0.39220845982
0.345347301635
0.373754205774
0.349166257013
0.383560798383
0.306559225748
0.36846447889
0.352338394374
0.421589952281
0.518819231317
0.365669239247
0.425908384299
0.329682525415
0.448276095603
0.460757727739
0.349282467176
0.390497496685
0.338232636424
0.249486618369


0.0
0.026149484953
0.083081292148
0.120699390319
0.129375217319
0.127849649528
0.155380665532
0.141013751028
0.136399471332
0.186063358676
0.156620329686
0.20626147409
0.241801883291
0.240025584457
0.241075499708
0.296838612545
0.320851853703
0.407241919315
0.346457056469
0.276719905656
0.405543290016
0.324537014442
0.327604223028
0.348317600523
0.319888338027
0.459882554158
0.343300317164
0.291086233521
0.363720609041
0.395544565425
0.341232479539


0.0
0.0918372536245
0.106356616413
0.0993406826717
0.184441513705
0.182204140472
0.169381817121
0.23453015627
0.327052755884
0.293294888815
0.2923624099
0.291149680418
0.324788111032
0.3943241422
0.354755417833
0.433268406234
0.383632672465
0.517202459129
0.440800777538
0.384377814351
0.440748993872
0.259788124501
0.579728258584
0.505978037239
0.308223288313
0.265449243783
0.399360455286
0.467597483059
0.322457728245
0.424283373181
0.414662115676


0.0
0.117699326595
0.0936165633103
0.162283433899
0.256087740111
0.219491517436
0.244370290311
0.272598707842
0.339151197301
0.330113387472
0.28542951156
0.213541912417
0.285649722518
0.310346066341
0.385044875412
0.420566383599
0.368421965769
0.34133978004
0.372788378543
0.392023235416
0.339790508062
0.339439376945
0.347548741703
0.282476304542
0.46999179421
0.342275116482
0.42595101186
0.400142865494
0.487736271249
0.477019724929
0.336784803853


0.0
0.0789694822124
0.142465907319
0.162462621142
0.236546416
0.152532851578
0.230194618251
0.253103787819
0.315259273205
0.28976965379
0.272647357471
0.277119846328
0.411584148214
0.353435172689
0.371611374848
0.357099379794
0.423545235852
0.329193178468
0.415175863821
0.425218725174
0.347546724499
0.301606992555
0.437384026085
0.503791276931
0.540063600799
0.53744165405
0.414657615557
0.282321656788
0.396110155984
0.369488208683
0.366546319892


0.0
0.0951842310204
0.179366099413
0.13378038572
0.190990183517
0.234400318161
0.209741540518
0.248922779401
0.342507308188
0.276911441864
0.314597425707
0.296705101067
0.282504294393
0.394622594738
0.342484281536
0.351792370143
0.307243232724
0.324932075098
0.274266303116
0.453700743923
0.493032034971
0.513920186674
0.397245795942
0.442005649409
0.408348917423
0.307045381604
0.390884809061
0.214000564558
0.371903492793
0.335651347055
0.348183698403


0.0
0.06646458859
0.0970158783365
0.0533851176063
0.15338702945
0.21900323725
0.199840863061
0.174977039493
0.131497046951
0.209283610928
0.186033176299
0.276938055714
0.241102543937
0.299015811376
0.325090817251
0.274429979411
0.335162537401
0.323351516241
0.368673115872
0.393299293041
0.412704613579
0.379743026828
0.417992084677
0.43949246906
0.37062419155
0.279776256544
0.429892126366
0.295746293638
0.319642160417
0.269150611954
0.297282539882


0.0
0.11809908849
0.0589185647756
0.162578407027
0.0716410561872
0.190499143748
0.201486897137
0.206821726401
0.262719068785
0.167573856577
0.214009661762
0.224203282237
0.231454869937
0.375110829762
0.379293192105
0.438562312847
0.290989096829
0.37509904652
0.393388707178
0.326751151648
0.330643750584
0.37608249108
0.42493782367
0.388585722693
0.378147422591
0.40690554952
0.262459896058
0.428499791448
0.427085685043
0.415344206137
0.246342540227


0.0
0.115657752364
0.177596970099
0.161674810632
0.159405354686
0.142460259298
0.217493182347
0.275151342492
0.320668247905
0.295517859948
0.299392094719
0.440186409194
0.390899161705
0.341208268569
0.331586377237
0.375680462752
0.403159084437
0.439022212635
0.401929456685
0.422382814438
0.517676975832
0.358383153247
0.419258679072
0.532835755315
0.366864660743
0.472093184297
0.465006427183
0.437705555693
0.371979310047
0.445375515057
0.465225292952


0.0
0.0425681574322
0.118137294864
0.133860805739
0.168505324108
0.167004139195
0.17168331832
0.188155608213
0.191554027178
0.229780649945
0.310408077155
0.229172855024
0.316717411532
0.316588408025
0.40120424178
0.273455137021
0.374779976394
0.352793174425
0.204690875265
0.365597508656
0.316938131059
0.418795435191
0.340611600337
0.363807468948
0.446434667542
0.411745878499
0.390541724876
0.316709011468
0.341337203614
0.351400054256
0.268892368775


0.0
0.0523738248044
0.156737437651
0.0884927174471
0.153926901755
0.214526536355
0.303232574215
0.342009097412
0.319316362904
0.264018672184
0.30842523594
0.377258892918
0.276272070433
0.335389602102
0.314888301674
0.428675086906
0.294671889103
0.393374298781
0.437512305697
0.404264586102
0.428565856507
0.487695138087
0.546998970826
0.44619992194
0.46304694041
0.346950668756
0.284686047396
0.471332433659
0.372358035102
0.278450211353
0.32594393392


0.0
0.156080169779
0.116210519628
0.111118089858
0.08242434513
0.159324350928
0.113739004496
0.196546185605
0.195244360016
0.20516671037
0.300540629096
0.35529828466
0.28587586627
0.327945033787
0.342414467841
0.338550723033
0.260228439399
0.406314249558
0.381987102721
0.283732877491
0.308106977985
0.369108299678
0.318186080527
0.315156709732
0.203586963894
0.283927071102
0.389538778898
0.292862085483
0.282028080326
0.286087403808
0.35613019944


0.0
0.0932921379141
0.231642380338
0.150546320972
0.115418775704
0.15999472708
0.245065775748
0.226614134672
0.20533912538
0.31217473854
0.325154542588
0.240320460165
0.267601915922
0.367437762633
0.342160303636
0.296495385066
0.33169002068
0.307271363024
0.214799972299
0.345582334883
0.403087573025
0.348676375665
0.325086131849
0.341773243927
0.413055110652
0.431827467155
0.422741228037
0.336102472295
0.390072615223
0.363116296022
0.359005385178


0.0
0.0921563897613
0.144852723702
0.147525406754
0.116339100256
0.0995839875253
0.203413522791
0.176952872959
0.194737533746
0.331980070859
0.307953842764
0.213093945637
0.282388804767
0.28658315625
0.402035666742
0.398647070847
0.373961934045
0.412892933943
0.237443963135
0.442623270519
0.408277018929
0.427541493964
0.411190758311
0.407789331951
0.455473673235
0.372525868652
0.380012698924
0.277295414369
0.31337454885
0.282340361663
0.364790946523


0.0
0.0381329516267
0.045992786554
0.0831379519816
0.141615849207
0.212800065927
0.170741816844
0.167115006015
0.231615303549
0.243443125542
0.290081505285
0.30107987415
0.292097090948
0.192731170188
0.303672989922
0.361574176728
0.34134700129
0.385482744343
0.329186068116
0.382321037909
0.346791228626
0.376311570849
0.36294163896
0.299896772594
0.377054768049
0.423403899221
0.37485473001
0.378278061376
0.451195544669
0.343418842409
0.37860670589


0.0
0.0795669343544
0.221942630358
0.197951504222
0.221037440424
0.234622564503
0.207977264808
0.262714863247
0.308882788169
0.204176250561
0.293123471932
0.30801632923
0.367444463578
0.342239765269
0.334977115405
0.45555425382
0.479817066191
0.417896096355
0.47761351346
0.450802498858
0.451950036449
0.498067091744
0.522163025788
0.438796783944
0.441824883799
0.327275423755
0.400747522177
0.42395246715
0.419178749827
0.488135976439
0.448759263297


0.0
0.0685996036194
0.135162481369
0.14949370442
0.191364601961
0.115323454076
0.181153899466
0.315830508899
0.243564824963
0.248767500058
0.269101121759
0.261846349951
0.372282566887
0.326964804877
0.390573422923
0.394651310515
0.390936106565
0.458047913707
0.338808208665
0.405458480683
0.473942089842
0.438384238346
0.374295908643
0.335929862448
0.26853960984
0.417531567984
0.403278267592
0.340365316619
0.424739053554
0.321022846903
0.337713601252


0.0
0.101717028356
0.197276099601
0.137934803941
0.167737792166
0.29047557488
0.158044676427
0.315166996702
0.253912838282
0.327399260607
0.345754289678
0.371752742958
0.306654380896
0.376258199811
0.41122308708
0.257648208894
0.383368643886
0.364186409174
0.416001089156
0.400686318126
0.4009876584
0.428119775436
0.356098309863
0.518836221722
0.497443543498
0.389719855158
0.360721935714
0.530288929957
0.22425247341
0.322121200599
0.320812909251


0.0
0.142910707094
0.163083327667
0.160777510557
0.0908274515432
0.175043314576
0.339626852173
0.124816664331
0.320518786228
0.258908799538
0.364622319626
0.3559515873
0.235038569586
0.363547140467
0.266201524578
0.383012220462
0.436536926979
0.381338289697
0.350872527477
0.424085333569
0.27233567179
0.29027987843
0.469354736472
0.477654576684
0.423641531626
0.396563676697
0.270966146328
0.281411583019
0.350848426192
0.335327033249
0.401780909501


0.0
0.139290919793
0.114051263056
0.122580763329
0.120871496344
0.106915409693
0.245363931858
0.265958914158
0.282018227942
0.312298794407
0.342943205338
0.354039562852
0.316752184424
0.359826339479
0.343799302973
0.412412006413
0.415803460174
0.395301437647
0.411703314059
0.455955197842
0.448897584511
0.412100004377
0.417595986441
0.397466601413
0.559903915577
0.339324622216
0.408926020057
0.388914669786
0.411778629952
0.356161931472
0.26056245924


0.0
0.123324252045
0.10895036058
0.166346594797
0.211508609227
0.299728253416
0.210554234066
0.200745167023
0.355663401034
0.308103775074
0.286869914829
0.323038457312
0.341393424782
0.370773501536
0.354953602444
0.498237050638
0.367192048792
0.391959228793
0.45036048513
0.52481882507
0.40730095548
0.515607175965
0.406672400528
0.525555951341
0.423132589097
0.401164247199
0.338935145831
0.453308770745
0.524197547103
0.352015946577
0.37480058596


0.0
0.0541932863675
0.0890616044911
0.178421316368
0.131520866589
0.257104316145
0.160104870009
0.341275024009
0.286299926468
0.261602084468
0.293588831265
0.39454528015
0.330061345315
0.29079170469
0.386085877302
0.239344218025
0.384014364447
0.527312977532
0.28484888315
0.353333022203
0.349374729999
0.334110724088
0.311784538804
0.356737262162
0.371875471
0.458551413499
0.404236717951
0.427570703627
0.273381017559
0.319327099042
0.28730634495


0.0
0.225799449417
0.14712325747
0.211019689378
0.239093228887
0.262629366266
0.220215673447
0.321776730868
0.298748442635
0.30805123684
0.361061518113
0.301956807317
0.352486226728
0.290585114985
0.424848601062
0.349691704982
0.424928522984
0.348579073542
0.332194495271
0.343557615247
0.448441545775
0.442688805032
0.416692668864
0.482992899183
0.406868871204
0.518896155023
0.420328584519
0.461078700575
0.405073748005
0.352994443323
0.282572515199


0.0
0.152242208812
0.132226679077
0.138866456788
0.216182797842
0.245766317211
0.195779047838
0.237234380396
0.274723492219
0.312821675285
0.417212370954
0.265269392925
0.375881589445
0.365740769124
0.311401053578
0.397474605877
0.270736789844
0.470757615144
0.428308690045
0.445599201321
0.301276397799
0.444170778968
0.444865337009
0.36668012052
0.487886897645
0.490079215666
0.426451451249
0.367807983264
0.359868546079
0.3764524628
0.507262492133


0.0
0.097427639633
0.110354496499
0.147769204051
0.0855248888252
0.195077149917
0.230520941256
0.197537387553
0.254861355673
0.278730537311
0.320731030029
0.296144454589
0.268982614251
0.381271966799
0.370969460394
0.327476450828
0.377604733588
0.466924542084
0.335682036474
0.359229925781
0.441881638523
0.398946620425
0.365225360284
0.430207742696
0.332729385024
0.516005114707
0.467501896215
0.297614954896
0.367130337362
0.369215100944
0.320537686943


0.0
0.0610270539699
0.165877166678
0.154545088527
0.262895056221
0.295754997494
0.235365831775
0.319229922731
0.272789737516
0.287976401059
0.319293501714
0.445370567605
0.392012864081
0.326417774783
0.452114076138
0.489256282594
0.432040190605
0.516150339711
0.468432173175
0.465712925899
0.479875099803
0.426341877505
0.387014462645
0.428834453795
0.340626102206
0.529078804356
0.449870523879
0.364823908211
0.547333940816
0.322814015258
0.305320828699


0.0
0.117845090799
0.132497455588
0.189465423252
0.151243908712
0.140435009661
0.211186548277
0.295540945905
0.170176252471
0.267367954535
0.174115524874
0.238071522137
0.233764063785
0.261290118534
0.373243392331
0.226585772538
0.360495144504
0.36096813958
0.390133420026
0.401405915219
0.41455081744
0.307805081618
0.477905598448
0.392533121502
0.422272470914
0.380296215616
0.293140408634
0.363536381994
0.30394612764
0.254955763713
0.316465163203


0.0
0.18905339159
0.19182750933
0.254692646934
0.190859730995
0.18145796507
0.190082012925
0.308546582741
0.312576325384
0.288196415943
0.268250948362
0.379562822094
0.340142819002
0.313564714487
0.446959875926
0.35307048792
0.374465800821
0.348696261241
0.422000791788
0.456432414427
0.445522590768
0.367002005076
0.441776961573
0.458917337112
0.409521852406
0.484820653405
0.356252811965
0.356060549071
0.589032582395
0.429477478985
0.394895138488


0.0
0.126871961324
0.114058262013
0.140377861488
0.214252232401
0.150611065709
0.206702497577
0.335384930443
0.203941654313
0.276384359449
0.347298011584
0.182669740611
0.260844662727
0.331375469923
0.312031483984
0.314851351321
0.37770014904
0.31671345625
0.418942924003
0.439980515709
0.300490029461
0.379645256639
0.407215553327
0.409626020637
0.3426695408
0.353881465764
0.3291009285
0.457133141955
0.379629639794
0.423460969486
0.451180957639


0.0
0.142047143287
0.142641986077
0.193399334783
0.277447488465
0.243361817358
0.233753512073
0.199638648166
0.189548048869
0.260019126625
0.282654699212
0.324660356625
0.296174462906
0.306393690491
0.36742389858
0.379239376725
0.315162066707
0.31564720535
0.431966033891
0.369205827398
0.355991706392
0.363351266347
0.396529333811
0.367375590469
0.345117586713
0.404651819165
0.396339769812
0.320613374889
0.317220254763
0.347586295785
0.282512213544


0.0
0.186011624182
0.106855919783
0.174099466888
0.215787905635
0.216756507928
0.314731136929
0.304329848913
0.237733830708
0.341576051454
0.313834613679
0.336919505095
0.415953441673
0.302830492616
0.40985332235
0.418258373312
0.43388580817
0.458707361493
0.496950410285
0.271948144605
0.527172112855
0.356920633127
0.455446073889
0.32145273862
0.408275622919
0.459169309083
0.435889176647
0.338221882174
0.423661848998
0.392775494716
0.386758461073


0.0
0.166494147207
0.104407795832
0.191460501241
0.224351940758
0.270767550584
0.324460257883
0.25424595153
0.284755383717
0.351878019906
0.31977192718
0.381981266372
0.351931465965
0.352051483667
0.404866852338
0.420080004532
0.380053961927
0.397725802975
0.485792568668
0.359580821518
0.401332547585
0.438018968545
0.503988260414
0.433756457144
0.411562025878
0.449374025892
0.46361931334
0.489617109381
0.397602991368
0.425428282862
0.315141831418


0.0
0.106021899398
0.132766181567
0.185392734928
0.0686710492145
0.207269722854
0.169709153135
0.250208833652
0.410348932043
0.255674545458
0.236412792094
0.384903777854
0.360355803852
0.382268050976
0.35837455717
0.289955604716
0.39709974531
0.367245512573
0.43657152254
0.446291214238
0.365740592311
0.396492706937
0.3888782932
0.363792081866
0.39271865635
0.490954868464
0.356894696223
0.39131435284
0.466352582641
0.357884591543
0.317288690539


0.0
0.121651559052
0.101692740914
0.125747480091
0.168424472867
0.280654306124
0.168648985108
0.303782727334
0.291733782397
0.302041915073
0.313171837594
0.366653024708
0.267421047603
0.371765787727
0.46794283934
0.415143826813
0.410101578867
0.372940266039
0.34526769067
0.351263062416
0.407556857851
0.380466191758
0.433215424379
0.365706643554
0.37933325242
0.330161941268
0.263701575407
0.319763891369
0.421362095721
0.273270356469
0.334844375347


0.0
0.0896321184665
0.121198038192
0.216099352691
0.207783646439
0.142190822308
0.258285772676
0.287274722616
0.214904608658
0.185346784877
0.274225036305
0.303225031561
0.274036731264
0.314030208255
0.23244891904
0.319704730249
0.381836805008
0.365634491345
0.363284352596
0.388627395157
0.421928684346
0.309899541715
0.389137367501
0.294635073936
0.450753199036
0.388432084338
0.366075375882
0.386469177572
0.427964770662
0.361412937678
0.362667067879


0.0
0.182817415869
0.230032838235
0.28218142866
0.330034968225
0.269564772878
0.325445049264
0.351937649513
0.24392679299
0.321102987594
0.366434953776
0.274563092763
0.348966469554
0.409047604048
0.420710853571
0.380416171333
0.496604369363
0.52209565957
0.479481311349
0.443410959062
0.525579280805
0.396223710357
0.386408356121
0.406132493648
0.472365747629
0.422554802294
0.413279635553
0.563275860264
0.455874140485
0.459603257185
0.47616135648


0.0
0.0423465996898
0.0999983690115
0.0510698266903
0.111715186033
0.0870362584901
0.168060227292
0.22207838668
0.110803962731
0.220478718053
0.273114087935
0.28191055151
0.292213980889
0.344046992243
0.358019911169
0.311928189364
0.262953277321
0.340931464074
0.444419180869
0.404716027124
0.287679284976
0.412612090217
0.466547275547
0.363162103457
0.39199404402
0.367741707609
0.319443933882
0.381232980949
0.367449617648
0.249630438689
0.119371801845


0.0
0.0790525642032
0.140554315056
0.126315255756
0.160211093286
0.123262501751
0.152576854048
0.220671282893
0.217868743683
0.24595338673
0.304788331036
0.303176716541
0.362174219015
0.299237277228
0.357972671492
0.400693435397
0.492338464131
0.347877015981
0.442827171951
0.400775438305
0.444076449497
0.319325177121
0.393520430595
0.431242161051
0.395002904196
0.373229320336
0.336049544698
0.576475185868
0.334963704123
0.240318477299
0.374619303545


0.0
0.0903885921565
0.0989882057461
0.170288386687
0.106803141018
0.120059520046
0.0855659352594
0.177386671307
0.189763564572
0.276398644601
0.229719108004
0.323487305439
0.260895377062
0.372026644495
0.223516337736
0.346732399901
0.381523870277
0.231355531723
0.272700221164
0.395108533803
0.422212628409
0.414974126313
0.440372977383
0.349596059497
0.31419792914
0.388081915544
0.368040883165
0.308186143934
0.454881181811
0.286219765392
0.308849256278


0.0
0.102685550451
0.133685539277
0.115304322979
0.170633627597
0.243518156782
0.168562047577
0.216700369724
0.245849429702
0.288772567416
0.296831427228
0.284832937854
0.208063606594
0.423406953793
0.246033270315
0.377203813184
0.376714729032
0.312727451072
0.286853182672
0.30544299374
0.457172482116
0.484281320693
0.350586476467
0.378606315783
0.50794288613
0.533984186987
0.254065520909
0.299091996397
0.375660403637
0.466505176147
0.24515015982


0.0
0.0784801511428
0.13298850338
0.230485588765
0.176210797513
0.26823869481
0.303293939348
0.136095154662
0.300638847832
0.331801306736
0.298790340035
0.248522875076
0.336994929722
0.322247035495
0.359570041311
0.284943523779
0.425818695129
0.492364474773
0.362923070446
0.405327496945
0.462535554048
0.299968153056
0.436258990018
0.406496377129
0.396100876572
0.426646182184
0.239949055935
0.347589147236
0.359831244783
0.505276330497
0.27249265701


