0.0 -0.0 7.98
-0.01 2.44 7.98
7.31 2.44 8.03
7.31 -0.0 8.01
0.0 0.0 0.0
0.21 0.82 1.63
0.31 1.2 2.43
0.38 1.47 3.04
0.44 1.68 3.53
0.49 1.84 3.95
0.54 1.96 4.31
0.58 2.06 4.64
0.61 2.12 4.93
0.65 2.17 5.2
0.68 2.2 5.45
0.71 2.2 5.68
0.73 2.2 5.9
0.76 2.17 6.1
0.78 2.13 6.3
0.8 2.08 6.48
0.82 2.01 6.65
0.84 1.93 6.81
0.86 1.84 6.96
0.88 1.73 7.11
0.9 1.62 7.25
0.92 1.49 7.38
0.93 1.36 7.51
0.95 1.21 7.63
0.96 1.06 7.74
0.98 0.9 7.84
0.99 0.73 7.95
1.0 0.55 8.04
1.01 0.37 8.13
1.03 0.18 8.22
1.04 -0.01 8.3
