106.472502416 238.172204541
51.8772782069 116.046166247
38.6176910228 86.385314485
31.1125891608 69.5968797696
26.1334469855 58.4588559447
22.5471150459 50.4364598811
19.8317636047 44.3623917022
17.7089588513 39.6138127127
16.016510096 35.8279126729
14.6525417314 32.7768023398
13.550689134 30.3120282783
12.6657502366 28.3324763444
11.9645105778 26.7638479035
11.4223747306 25.5511245529
11.0192966972 24.6494646723
10.7374169555 24.0189176486
10.5607080861 23.6236311658
10.4738034792 23.4292310969
10.4619912895 23.4028079812
10.5116981602 23.5139990841
10.6096305455 23.7330675908
10.7445097098 24.034783688
10.906248648 24.3965833884
11.0857383699 24.7980904612
11.276080412 25.2238734825
11.4712153162 25.6603778312
11.6662873961 26.096741646
11.8579645635 26.5255112577
12.0431980391 26.9398667414
12.2202826566 27.3359937487
