1042.5 -428.5 12 1
1033.16666667 -414.386498317 12 1
1023.83333333 -395.268812761 12 1
1014.5 -383.5 13 1
1009.16666667 -365.940697919 13 1
1003.83333333 -355.560335198 13 1
998.5 -348.5 14 1
993.166666667 -335.363017578 14 1
987.833333333 -325.582037423 14 1
982.5 -317.5 15 1
977.5 -307.314780102 15 1
972.5 -298.828121445 15 1
967.5 -290.0 16 1
962.5 -282.609938747 16 1
957.5 -274.903189869 16 1
952.5 -265.5 17 1
947.5 -260.353371149 17 1
942.5 -253.532721416 17 1
937.5 -244.0 18 1
932.5 -240.853047664 18 1
927.5 -235.0140887 18 1
922.5 -225.5 19 1
917.0 -223.891382718 19 1
911.5 -218.702872714 19 1
906.0 -212.0 20 1
900.166666667 -209.450769903 20 1
894.333333333 -205.467001436 20 1
888.5 -202.5 21 1
883.0 -199.290129803 21 1
877.5 -197.053690407 21 1
872.0 -196.5 22 1
867.166666667 -194.229937794 22 1
862.333333333 -193.536537181 22 1
857.5 -193.5 23 1
852.0 -193.418431882 23 1
846.5 -194.122579089 23 1
841.0 -197.0 24 1
835.333333333 -197.212126796 24 1
829.666666667 -199.637677062 24 1
824.0 -204.5 25 1
818.0 -206.463482133 25 1
812.0 -210.937836719 25 1
806.0 -218.0 26 1
799.666666667 -222.194970238 26 1
793.333333333 -229.051447105 26 1
787.0 -237.0 27 1
781.333333333 -244.035337709 27 1
775.666666667 -252.012246926 27 1
770.0 -260.0 28 1
764.166666667 -269.95906301 28 1
758.333333333 -279.953419269 28 1
752.5 -291.0 29 1
746.166666667 -302.695543694 29 1
739.833333333 -315.531505627 29 1
733.5 -328.5 30 1
726.833333333 -343.963497032 30 1
720.166666667 -359.604127719 30 1
713.5 -374.0 31 1
706.833333333 -392.962095432 31 1
700.166666667 -410.643630973 31 1
693.5 -428.0 32 1
686.666666667 -448.394405089 32 1
679.833333333 -468.450126522 32 1
673.0 -488.5 33 1
666.166666667 -510.34559117 33 1
659.333333333 -532.13054883 33 1
652.5 -556.0 34 1
645.166666667 -578.913765338 34 1
637.833333333 -603.915453819 34 1