0.0 0.0 5.57
-0.92 2.22 6.42
3.39 2.75 11.22
4.41 0.0 9.09
0.0 0.0 0.0
0.23 0.6 1.67
0.25 0.93 2.47
0.22 1.18 3.07
0.18 1.38 3.55
0.14 1.54 3.95
0.09 1.67 4.29
0.05 1.78 4.57
0.01 1.86 4.82
-0.04 1.92 5.03
-0.07 1.96 5.22
-0.1 1.98 5.37
-0.13 1.98 5.5
-0.15 1.97 5.61
-0.16 1.94 5.7
-0.16 1.89 5.78
-0.15 1.84 5.84
-0.14 1.77 5.89
-0.11 1.68 5.93
-0.08 1.59 5.96
-0.04 1.48 5.99
0.0 1.37 6.01
0.05 1.24 6.03
0.1 1.11 6.06
0.16 0.97 6.08
0.22 0.82 6.11
0.27 0.66 6.14
0.33 0.51 6.17
0.38 0.34 6.2
0.44 0.17 6.24
0.49 0.0 6.28
