103.583129413 231.708861215
50.4440223696 112.840064252
37.6870888662 84.3036167493
30.2566087972 67.6821062307
25.0970610951 56.1405267359
21.1643841222 47.3433788985
17.9865823571 40.2348388077
15.3171801805 34.2635562062
13.017170165 29.1185803351
11.0076237309 24.6233529903
9.24886827502 20.6891290858
7.73299147865 17.2982092689
6.48292755671 14.501895917
5.55028083668 12.4156246233
4.99929098577 11.1830954303
4.85911409135 10.8695286482
5.07563241382 11.3538663412
5.53236967656 12.3755584992
6.11272854896 13.6737843221
6.73316236676 15.0616552447
7.3424824422 16.4246654336
7.91258999352 17.6999597044
8.42994311569 18.8572456781
8.89014757965 19.8866937444
9.293969208 20.7900169995
9.64531001136 21.5759439927
9.94974452618 22.2569446069
10.2131154744 22.8460886386
10.4409080613 23.3556461429
10.6385272639 23.7977077087
