-0.0 -0.0 7.99
0.0 2.44 8.0
7.32 2.44 7.98
7.32 0.0 7.98
0.0 0.0 0.0
0.2 0.81 1.63
0.3 1.23 2.44
0.35 1.5 3.02
0.42 1.67 3.55
0.49 1.84 3.88
0.49 1.99 4.35
0.57 2.06 4.59
0.61 2.17 4.97
0.63 2.15 5.18
0.65 2.19 5.44
0.74 2.19 5.71
0.72 2.2 5.96
0.87 2.18 6.1
0.81 2.15 6.31
0.78 2.07 6.57
0.8 1.99 6.59
0.85 1.94 6.88
0.86 1.85 6.92
0.85 1.71 7.07
0.92 1.63 7.21
0.92 1.51 7.37
0.99 1.3 7.51
0.94 1.17 7.64
1.01 1.02 7.75
0.95 0.91 7.88
1.03 0.74 7.91
1.09 0.56 8.03
1.03 0.33 8.22
1.01 0.18 8.27
1.05 0.07 8.32
