106.226522128 237.621962309
53.2704229676 119.16254232
36.9650929219 82.6885578203
32.882483464 73.556020566
22.0487755823 49.3217062501
28.5701365062 63.9095751609
15.1078639922 33.7953292286
23.1415954292 51.7662746241
11.9991379738 26.8413071823
15.373696881 34.3899804645
16.6225964639 37.183689264
14.4474296282 32.3179796325
12.3082654236 27.532805593
12.8104609892 28.6561850783
15.6821452575 35.0799598316
5.18744955992 11.6039941731
16.8815441302 37.762938696
5.79765637248 12.9689879366
11.8304226941 26.4639018505
10.5263841266 23.5468506553
11.1737016304 24.9948586707
15.5673368194 34.8231406699
10.4990602978 23.485728991
11.845147077 26.4968393569
10.1999898289 22.816727406
11.2970598773 25.2708032098
13.1219443751 29.352953568
17.3490438272 38.8087057338
9.3601890037 20.9381464636
7.52925581785 16.8424655756
