-0.0 0.0 14.46
-0.06 1.77 14.99
6.35 2.13 19.37
5.78 0.0 17.0
0.0 0.0 0.0
0.12 0.09 0.29
0.25 0.17 0.59
0.39 0.25 0.9
0.52 0.33 1.22
0.64 0.39 1.55
0.76 0.47 1.89
0.89 0.53 2.22
1.0 0.6 2.56
1.13 0.66 2.91
1.25 0.74 3.26
1.38 0.81 3.63
1.49 0.87 3.99
1.61 0.94 4.35
1.72 1.01 4.73
1.84 1.08 5.09
1.95 1.14 5.45
2.06 1.22 5.83
2.15 1.27 6.2
2.26 1.34 6.6
2.35 1.4 6.97
2.46 1.47 7.36
2.54 1.52 7.71
2.64 1.59 8.08
2.72 1.64 8.43
2.81 1.7 8.8
2.89 1.76 9.17
2.97 1.8 9.51
3.05 1.86 9.87
3.12 1.9 10.18
3.2 1.95 10.52
3.26 1.98 10.83
3.34 2.04 11.19
3.39 2.05 11.46
3.46 2.1 11.76
3.5 2.11 12.02
3.57 2.15 12.33
3.61 2.16 12.59
3.66 2.19 12.88
3.7 2.2 13.14
3.74 2.21 13.4
3.79 2.22 13.66
3.83 2.22 13.9
3.89 2.24 14.15
3.92 2.22 14.34
3.96 2.24 14.6
3.99 2.23 14.81
4.03 2.23 15.01
4.06 2.21 15.19
4.1 2.2 15.42
4.11 2.17 15.59
4.15 2.17 15.8
4.17 2.13 15.96
4.21 2.13 16.17
4.24 2.09 16.33
4.28 2.08 16.53
4.29 2.04 16.68
4.32 2.01 16.85
