17.0 -400.0 12 1
26.0 -386.5 13 2
17.5 -308.0 13 3
12.0 -501.0 14 4
23.0 -311.0 14 5
17.5 -501.5 16 6
21.0 -478.5 19 7
84.5 -316.5 20 8
97.5 -314.0 21 9
98.5 -311.0 22 10
18.5 -494.0 23 11
174.0 -489.0 24 12
228.5 -485.5 29 13
226.0 -486.0 31 14
223.0 -486.5 32 15
384.5 -428.0 32 16
229.5 -484.5 33 17
443.5 -401.5 33 18
236.0 -484.0 34 19
493.5 -370.5 34 20
543.5 -348.0 35 21
587.5 -331.5 36 22
259.5 -483.5 37 23
627.5 -316.0 37 24
269.0 -478.5 38 25
663.5 -303.5 38 26
697.0 -290.5 39 27
258.5 -486.5 40 28
727.0 -282.0 40 29
265.0 -485.5 41 30
755.0 -273.5 41 31
779.5 -265.5 42 32
266.0 -481.0 43 33
802.5 -260.5 43 34
823.5 -256.0 44 35
281.5 -461.5 45 36
843.0 -253.0 45 37
283.0 -465.5 46 38
860.5 -250.5 46 39
273.0 -473.5 47 40
256.0 -300.0 47 41
877.0 -249.0 47 42
256.5 -301.0 48 43
892.0 -247.5 48 44
266.5 -475.5 49 45
262.5 -292.5 49 46
906.0 -246.5 49 47
261.0 -299.0 50 48
919.5 -247.5 50 49
262.5 -480.5 51 50
262.0 -294.5 51 51
931.0 -248.5 51 52
261.0 -479.0 52 53
256.5 -307.5 52 54
942.0 -249.5 52 55
264.0 -478.5 53 56
322.5 -351.5 53 57
282.0 -346.5 53 58
952.0 -251.5 53 59
262.5 -479.0 54 60
265.5 -302.0 54 61
961.5 -254.0 54 62
263.0 -477.0 55 63
231.0 -332.0 55 64
261.0 -293.5 55 65
971.0 -257.0 55 66
266.0 -477.5 56 67
231.5 -334.0 56 68
267.0 -299.5 56 69
979.0 -260.0 56 70
264.0 -477.0 57 71
235.5 -337.5 57 72
270.0 -302.0 57 73
986.0 -263.5 57 74
266.0 -473.5 58 75
246.5 -388.5 58 76
311.0 -360.0 58 77
235.5 -340.0 58 78
993.0 -267.5 58 79
266.0 -473.5 59 80
309.5 -360.5 59 81
237.0 -346.0 59 82
999.0 -271.5 59 83
265.5 -475.0 60 84
307.5 -360.5 60 85
238.5 -349.0 60 86
1005.0 -276.0 60 87
285.0 -397.5 61 88
306.0 -363.5 61 89
237.5 -354.0 61 90
1011.0 -281.0 61 91
265.5 -471.5 62 92
305.0 -364.5 62 93
1015.5 -286.0 62 94
1020.0 -291.5 63 95
1024.5 -297.0 64 96
1028.0 -302.0 65 97
