18.9850721857 42.4683969404
19.4875743719 43.5924623165
20.4093306314 45.6543723441
20.1854911219 45.1536576221
20.7846324916 46.4938986947
21.6957733019 48.5320626387
20.8806420868 46.7086660425
21.1462209285 47.3027489912
21.5392684943 48.181971355
22.3202276975 49.9289273377
22.6712039521 50.7140388585
22.1081269999 49.45447159
22.657829069 50.684120097
23.2763910611 52.0678038648
22.4098448225 50.1293951367
22.0672124968 49.3629484532
23.4285508482 52.4081756144
21.9208115646 49.0354588951
24.5587020927 54.9362519464
22.3921822236 50.0898850282
23.702178478 53.0202631894
21.5237520725 48.1472621079
22.4782331391 50.2823754438
21.109289637 47.2201360451
22.03376813 49.2881355354
22.5020763224 50.3357111259
20.2871724891 45.3811123624
21.8780849969 48.9398822852
18.2383742526 40.7980812361
20.4984424535 45.8537098126
18.8003624711 42.0552130769
21.5193579854 48.1374328151
15.8140936878 35.3751200636
18.1893246244 40.6883603428
15.3558845846 34.3501354924
18.0196907651 40.308900207
15.8450502639 35.4443679523
16.7069489313 37.3723803597
15.4999651571 34.6724345538
15.1605138047 33.9131035047
15.6644940541 35.0404752141
14.1078530998 31.558368573
14.6708767538 32.8178166166
11.3446452287 25.3772486092
15.1234875349 33.8302780983
12.2972654114 27.5081992664
12.0627507664 26.9836049467
10.62997682 23.7785809105
13.1778806316 29.4780794101
10.3521778103 23.1571622244
12.2722632782 27.4522710874
9.39549940857 21.0171335897
12.520561214 28.0076977509
10.0001571806 22.369714503
11.8241927628 26.449965891
8.85330003335 19.8042681309
10.0171964212 22.4078301987
