0.0 -0.0 8.41
0.24 2.4 8.47
7.67 2.41 8.4
7.25 0.0 8.3
0.0 0.0 0.0
0.26 0.77 1.76
0.3 1.15 2.58
0.36 1.43 3.22
0.53 1.56 3.6
0.61 1.79 4.13
0.71 1.91 4.51
0.74 2.02 4.87
0.77 2.09 5.05
0.78 2.1 5.49
0.84 2.11 5.68
0.88 2.12 5.99
1.01 2.13 6.17
0.96 2.11 6.46
0.92 2.08 6.54
0.98 2.02 6.8
1.08 2.0 7.04
1.07 1.87 7.1
1.0 1.8 7.34
1.0 1.67 7.54
0.99 1.61 7.62
0.99 1.48 7.74
1.08 1.37 8.02
1.04 1.19 8.01
1.04 1.07 8.23
1.03 0.92 8.35
1.01 0.75 8.44
1.03 0.54 8.56
0.99 0.33 8.53
1.01 0.18 8.62
0.98 -0.04 8.71
