112.601100694 251.881488436
52.4138706957 117.246489459
40.7393819221 91.1314018537
25.4091712205 56.8386972019
33.6973498183 75.3788246853
23.4373223528 52.4277969113
22.4834522478 50.2940502575
11.2070954057 25.0695584185
25.2272178877 56.4316791887
11.7478404796 26.2791706979
18.1129461188 40.517506492
12.8279665815 28.695343973
16.7791381961 37.5338631458
5.34307332281 11.9521146159
16.3276425356 36.523896118
14.6946254318 32.8709408963
8.20231312522 18.3480518917
15.5902136954 34.8743147842
13.3108115456 29.7754373958
6.12525539177 13.7018060714
10.0770222316 22.541656725
18.3929472002 41.1438510722
11.1771564852 25.0025869608
14.5370080569 32.5183608706
10.9443507412 24.4818153434
11.4036290391 25.5091916352
13.8771938831 31.0423986005
12.4776339596 27.9116722176
10.3089513096 23.0604672962
13.637119226 30.5053668877
