18.8389707198 42.1415772695
20.0117495619 44.7650088214
18.3337159112 41.0113544523
19.4502931722 43.509066648
20.221140246 45.2334024414
21.8983884001 48.9852997047
19.6021919724 43.8488545866
21.0434208968 47.0727918697
19.9070549502 44.5308136451
21.1193629162 47.2426693289
20.739928699 46.3938991588
21.432296567 47.9426819688
21.586668454 48.2880020449
21.7787104357 48.717587723
21.6774258605 48.4910205812
21.8333601559 48.8398356653
21.5979709004 48.3132848974
21.9391071231 49.0763848938
21.5681540822 48.2465865747
22.2847343119 49.8495308952
20.9788416524 46.9283322145
21.6327197875 48.391015944
20.6201882402 46.1260473812
21.3826447592 47.831614038
19.2238045427 43.0024260133
21.8263661316 48.8241904786
17.148773937 38.3607147487
19.9071225007 44.5309647512
17.6085166707 39.3891299538
19.2555383317 43.0734124777
17.6628533037 39.5106775401
17.1322514146 38.3237549188
17.5130931675 39.1756736565
15.2702513677 34.1585794418
16.3799662689 36.6409409759
13.1838046654 29.4913310963
17.3016934001 38.7027858452
14.8245912016 33.1616660433
13.7292959341 30.711560311
14.4604611355 32.3471302842
11.423805333 25.5543247192
12.0484248234 26.9515587247
12.8079385257 28.6505424882
12.0523332505 26.9603016273
11.1254155287 24.8868457375
11.0187290471 24.648194875
9.9934542032 22.3547203696
9.30692347873 20.8189948778
11.2140767529 25.0851752475
10.9138859747 24.4136676018
8.92612072974 19.9671633893
9.82312104658 21.9736959501
7.84582852099 17.5506185437
8.20379816287 18.3513738264
9.00539525487 20.1444954514
9.1400553035 20.445721401
7.95153325991 17.7870733102
8.0986577473 18.1161814152
8.13750165867 18.2030727702
8.69494406185 19.4500359115
7.35516701701 16.4530400194
8.65056513399 19.3507630772
6.83771863339 15.2955409518
7.46284918969 16.6939181792
7.81925230987 17.4911692526
