-0.0 0.0 8.0
0.0 2.44 8.0
-7.32 2.44 8.0
-7.32 0.0 8.0
0.0 0.0 0.0
-0.2 0.82 1.63
-0.3 1.2 2.43
-0.38 1.47 3.04
-0.44 1.68 3.53
-0.49 1.84 3.95
-0.54 1.96 4.31
-0.58 2.06 4.64
-0.62 2.12 4.94
-0.65 2.17 5.21
-0.68 2.2 5.46
-0.71 2.2 5.69
-0.74 2.2 5.91
-0.76 2.17 6.11
-0.79 2.13 6.3
-0.81 2.08 6.49
-0.83 2.01 6.66
-0.85 1.93 6.82
-0.87 1.84 6.98
-0.89 1.73 7.12
-0.91 1.62 7.26
-0.92 1.49 7.4
-0.94 1.36 7.52
-0.96 1.21 7.64
-0.97 1.06 7.76
-0.98 0.9 7.86
-1.0 0.73 7.96
-1.01 0.55 8.06
-1.02 0.37 8.15
-1.03 0.18 8.24
-1.04 -0.01 8.32
