106.530597254 238.302158992
51.9025162338 116.102622106
38.6362751045 86.4268858916
31.1292493731 69.6341476031
26.1508745278 58.4978402464
22.5670408286 50.4810325874
19.855213931 44.414848588
17.7370910813 39.6767427189
16.0493569626 35.9013890208
14.6908715037 32.8625435982
13.5943334971 30.4096579379
12.7141149179 28.440665055
12.017149619 26.8815980851
11.4780690158 25.6757091206
11.0765311067 24.7774943998
10.7947925118 24.1472631127
10.6164679291 23.7483623821
10.5264246193 23.5469412349
10.5100288606 23.5102649673
10.5542543448 23.6091945577
10.6461466212 23.8147517257
10.7746738182 24.1022588768
10.9301373058 24.450020794
11.1039169598 24.8387548085
11.2890015175 25.2527771723
11.4795638364 25.6790529391
11.6707691182 26.1067669727
11.8592127606 26.5283033951
12.042070063 26.9373435307
12.2171523234 27.3289913926
