35 0.4 0.311123313055 0.816484046492 1.29347744948 13.2048903788 8.37084463285 0.264716946249 0.159982344696
35 0.4 0.285879064291 0.569630152891 0.740074077359 31.8030715129 21.3387879397 0.513550662405 0.232081117007
35 0.4 0.299817286953 0.382826451019 0.247934112896 14.3089761405 9.14866494547 0.264539196691 0.0945003100411
35 0.4 0.310570877765 0.746466222806 0.95554484407 5.04143097254 4.58552566677 0.135342763155 0.102178120816
35 0.4 0.351593960686 0.776189512777 1.02802286376 13.8447664397 8.59754369098 0.232232299637 0.158517792616
35 0.4 0.335019400751 0.560928772499 0.533465979494 29.851737161 17.4912632574 0.531620543797 0.196037116817
35 0.4 0.316869028873 0.76948383052 1.35817981361 21.8075872011 15.8609845604 6.4454637214 2.73390945361
35 0.4 0.268086963822 0.452637973827 0.429050851418 19.5478316107 12.9357910761 0.382711197872 0.171317386258
35 0.4 0.3402262126 0.549634338934 0.532261165544 45.3824623171 33.0272451231 0.536872780425 0.24449660427
35 0.4 0.312521496631 0.331691175661 0.282279559138 12.3189336994 7.44007104715 0.208437454178 0.074413567239
35 0.4 0.293365550252 0.833124924484 1.28270994409 11.3471378079 10.4639629975 5.71201805403 2.57738899704
35 0.4 0.294342972397 0.606328791857 0.526836386325 4.64128206634 3.75999244151 0.137482843721 0.0824148262753
35 0.4 0.3642532292 0.712733877055 0.631351915557 9.48211301673 6.76620652025 0.16776449118 0.0931710038219
35 0.4 0.330540290655 0.457084314365 0.331996427987 0.937147561201 1.0209190579 0.0332522705067 0.0437507535544
35 0.4 0.346775390304 0.51522850683 0.427116564027 8.85893280847 5.9137395212 0.123662430372 0.0473044394461
35 0.4 0.296167883101 0.365022418572 0.301099410013 7.16111053735 4.75597077281 0.116649663228 0.0492129890718
35 0.4 0.346088360967 0.639938457467 0.754626729727 21.1750714344 15.1644672828 0.303135642614 0.182514184895
35 0.4 0.337771686324 0.517031807447 0.478920658437 25.0551322098 15.8705977901 0.463606423615 0.183275157509
35 0.4 0.318276160529 0.794709278109 1.26108331054 4.72131717647 4.96653671698 0.202858140322 0.181573839606
35 0.4 0.320005438859 0.561006052051 0.535745366756 25.0767453217 16.7075197588 0.404324880443 0.149020869214
35 0.4 0.316626771857 0.447390350351 0.304822287221 4.49062178139 3.16364898073 0.084898479452 0.0431848432512
35 0.4 0.313807987271 0.548688563854 0.601129492653 7.65804310215 4.91874856882 0.12959653407 0.0800904965141
35 0.4 0.330798888872 0.965703289878 1.75709514631 7.12387991058 7.56406617434 5.16387519091 2.7540186395
35 0.4 0.314794428379 0.488976572579 0.314607384913 4.50637621563 2.98012532018 0.0841704806194 0.0343485006354
35 0.4 0.356493660709 1.3204063063 2.41216473135 8.31798295373 7.80723092201 0.460973834266 0.273202710763
35 0.4 0.310951215083 0.486053013583 0.428836992918 22.855687656 15.1237639214 0.369284187752 0.140836044223
35 0.4 0.283459564972 0.535416072355 0.675510600008 3.36499386734 3.26501542741 0.115570552987 0.0640423627942
35 0.4 0.32215356071 0.583786901448 0.667182851694 16.4926659282 9.99997244987 0.268325293752 0.14386543646
35 0.4 0.318269221253 1.28792027709 2.65103545526 14.6726477734 15.0421152379 0.436235180796 0.291056143532
35 0.4 0.281611485336 0.834689214411 1.40082865134 17.8948020005 12.3418332946 0.336165232667 0.207673023622
35 0.4 0.331516040671 0.631892480684 0.7728911058 23.4789921013 15.4401816183 0.505689900575 0.21230646728
35 0.4 0.326193331074 0.390935569716 0.308663407755 31.4705616472 18.6503789053 0.583108205003 0.200436247009
35 0.4 0.337716101841 0.575021281346 0.432266358508 16.3989594824 11.4683797722 0.38135155419 0.182913300765
35 0.4 0.31808031747 0.614424025516 0.826181129528 33.3724448046 19.2453139125 0.573618922533 0.230622348645
35 0.4 0.302123219177 0.492128216522 0.614618458892 16.0274544214 10.7867846171 0.244024476549 0.156308380794
35 0.4 0.339828542599 0.775392505122 0.948282695526 19.8344822703 13.215742531 0.37355126426 0.195287408342
35 0.4 0.301428858291 0.321748201451 0.312507013006 7.13967473037 4.55284929577 0.112667088004 0.0374764960935
35 0.4 0.340661562462 0.474025180425 0.421061720014 35.0595840148 21.6655963886 0.731547588832 0.267329259894
35 0.4 0.358082618171 0.452859751448 0.388439424036 7.41417707919 5.00476642548 0.113622776143 0.0614027764557
35 0.4 0.293592371853 0.364200218913 0.223735236848 10.9047648247 7.19239037952 0.157350846037 0.0583211126729
35 0.4 0.325404952636 0.601811214123 1.13707114303 13.5729707036 8.08409091108 0.256063448998 0.126001022811
35 0.4 0.306315984251 0.388850039748 0.336252930197 6.98943929883 4.13018576156 0.106961435531 0.0469307119773
35 0.4 0.323564003706 0.651739542639 1.0331357386 46.4187339442 25.789395509 0.771382470558 0.316010737703
35 0.4 0.322072739429 0.388066798945 0.306515929064 4.10709791966 4.16217547722 0.121843981699 0.0978132208265
35 0.4 0.291046333008 0.406862886813 0.365056486688 36.9783241428 21.4804317574 0.690359862738 0.24586212687
35 0.4 0.308983002544 0.475311671143 0.409980109684 1.2429696891 1.18885654409 0.0629660659638 0.0497219042282
35 0.4 0.307349805311 0.91140274067 1.70409962461 5.21038720468 4.45918827972 4.8297312208 2.86860010599
35 0.4 0.328426627653 0.411421871748 0.437282017628 20.0989230283 12.8906304967 0.401813619056 0.15417625271
35 0.4 0.31822462236 0.809898486705 1.16962115589 13.4454754761 7.96659779355 0.211875394001 0.125323517154
35 0.4 0.294860411713 0.422352781461 0.250238995824 24.3482715794 16.5986069997 0.358857601637 0.137285004729
35 0.4 0.295640647235 0.49253178722 0.410655622967 55.1587844337 39.8373857348 0.641282338363 0.244252425365
35 0.4 0.368686006731 0.896518038072 1.35816968936 12.8901626142 11.2236554254 0.338601802431 0.236364848413
35 0.4 0.320369222638 0.372964864451 0.314976051426 55.932049306 41.0469253744 0.63254568273 0.260584332331
35 0.4 0.300752281083 0.540245211021 0.583262518337 3.53994023286 3.22798335989 6.27508417561 2.54621113752
35 0.4 0.361474652316 0.696933291955 0.789343910667 24.2961451191 14.3468700164 0.411220949679 0.162757001878
35 0.4 0.333755797539 0.418414672919 0.351108586962 4.67544939517 3.25999297679 0.0831263022839 0.056702131006
35 0.4 0.36735231856 0.786238047863 0.739238191172 17.4016779205 11.2829948267 6.44389376784 2.4815146843
35 0.4 0.314585079478 0.65164339654 0.703675000758 14.9590639645 9.62245995103 0.283535390967 0.102431278863
35 0.4 0.352344991446 0.534491344035 0.700346981356 9.64857483002 6.58234298146 6.38991475547 2.49431457992
35 0.4 0.304822728226 0.497348263949 0.42098607915 18.7074513373 13.3129382612 0.291981237659 0.171697525163
35 0.4 0.350433014005 0.469187065116 0.396995826265 24.9020981738 16.6369250293 0.576544328367 0.246157564353
35 0.4 0.350034591341 0.527236709518 0.588258540358 24.7858042412 15.100199184 0.492955280796 0.170838690761
35 0.4 0.311112210145 0.603982734633 0.772828102367 10.0264824956 6.64233743883 6.40188071834 2.53052373032
35 0.4 0.306848963309 0.480970813327 0.425662731372 29.4491448258 19.8000875962 0.440056835826 0.174311319627
35 0.4 0.300640809156 1.09428515466 2.29988157424 27.5046564867 22.9987478321 0.535040346492 0.303411260439
35 0.4 0.304239862451 0.765370695618 1.16580292464 7.59203802793 6.13647553389 0.202946051754 0.146704668819
35 0.4 0.303396675444 0.652514721643 0.805719817643 2.8760121245 2.58681382402 6.59168734175 2.32539989345
35 0.4 0.336652498297 0.647409908006 0.874174383178 3.1003057413 2.84339940277 0.162998697463 0.120087745787
35 0.4 0.331014333032 0.491490734919 0.383628537955 11.5048594975 7.48678249994 0.213083739162 0.0833262674143
35 0.4 0.344704298676 0.486983166195 0.408038591126 14.3229491813 8.97707238724 0.270098524645 0.0940109275773
35 0.4 0.343276221351 0.40741130242 0.284096612884 32.9179772243 22.8402549822 0.43960948432 0.161778138074
35 0.4 0.340622181053 0.693434646124 0.923146629907 20.3758333025 12.0517929348 0.351013342125 0.15353903608
35 0.4 0.327658280376 0.647913240013 0.791732526628 23.2293634373 13.7706843898 0.371399609254 0.204987317722
35 0.4 0.308245220408 0.416784957116 0.299642808226 14.3234029404 9.38346254641 0.193389536671 0.0838380324131
35 0.4 0.288421077824 0.348297407886 0.323038090869 15.3071002322 10.0258676965 0.259564364512 0.0932905641943
35 0.4 0.31704382858 0.501374222165 0.580980183495 4.28219020083 4.10883819419 0.190339976615 0.184656515861
35 0.4 0.29670247582 0.442302701272 0.350567487067 0.676459732678 0.527831098 0.0468039420288 0.0167481612049
35 0.4 0.312364064709 0.359932562882 0.23490058352 1.75302389009 1.15363439719 0.0349378186186 0.0132942206704
35 0.4 0.35017792613 0.856070736506 1.16939352747 11.7895967368 7.43835794439 0.225669854065 0.14322878596
35 0.4 0.316626477961 0.549078351354 0.546488829733 4.13084667154 2.53940154335 0.0605086970355 0.0346394654148
35 0.4 0.351514100013 0.492464540076 0.420998989392 3.72454193406 2.35388342947 0.0484983524445 0.0363060914801
35 0.4 0.300603595015 0.536829395519 0.552103493887 1.57235784735 1.37732201069 0.0718229781787 0.064654121779
35 0.4 0.323260294861 0.641189985183 0.62443993506 10.4529504901 6.38724932179 0.231053779731 0.0934710852771
35 0.4 0.317624845019 0.430472587952 0.373169863948 6.88804681853 4.69895683203 0.131765195573 0.0596443409711
35 0.4 0.314008168984 0.74808119646 1.1400335096 11.5507291975 9.48504918951 0.271444545499 0.20024558656
35 0.4 0.317036266807 0.57507075306 0.487730401563 8.08328689205 5.41315852196 0.169117442837 0.101642525446
35 0.4 0.335479817503 0.401453066224 0.300548319441 14.0513205374 8.83653343798 0.270748106165 0.0969861028344
35 0.4 0.350763141603 0.512370293427 0.553782428267 15.0825855248 8.90084002402 0.240052729024 0.121493336914
35 0.4 0.332688690053 0.431053352286 0.378495176356 8.51521048134 5.44178932882 0.150318848023 0.0583958589617
35 0.4 0.321296013954 0.653223748975 0.845730791816 3.66520335446 3.18196403671 0.111637066173 0.0780327964655
35 0.4 0.353937737252 0.505795582516 0.426071463552 1.67293705901 1.60993588299 0.0801264095347 0.0638167155196
35 0.4 0.318188069416 0.364291684644 0.311561648317 19.2561376813 12.8314027224 0.297669650087 0.114851940272
35 0.4 0.293979354897 0.555149772667 0.89430647003 47.8200688005 32.8694317612 6.36162150926 2.42831346007
35 0.4 0.321291548554 0.401044442403 0.282969222579 8.95710176272 5.62276073568 0.143803197643 0.0497467059829
35 0.4 0.314850692939 0.503600294733 0.569507762584 5.76488155324 3.71824122344 0.103171039778 0.0660418638977
35 0.4 0.294929265704 0.620637980419 0.762994391644 17.1947601307 10.9567722695 6.43662626249 2.45253594744
35 0.4 0.308357330781 0.444279793584 0.614025877781 7.06481056849 7.18538350673 0.217096797718 0.158452311288
35 0.4 0.317018382177 0.512282876052 0.476893199876 25.5567103851 17.0530806487 0.350250227613 0.12957714049
35 0.4 0.312175050231 0.453657843665 0.320485390036 27.8551274604 16.8240428634 0.486660985815 0.168837626304
