35 1.8 1.34522955276 17.4612553155 0.290229981834
35 1.8 1.26638692306 17.4351662892 0.294293645535
35 1.8 1.5334201056 17.4603050375 0.335914413055
35 1.8 1.47106273737 17.4472233703 0.323622417204
35 1.8 1.68660096917 17.455730254 0.302175596178
35 1.8 1.23736466634 17.4698172648 0.308666535829
35 1.8 1.36860592918 17.4369622807 0.292061934081
35 1.8 1.2981441416 17.452191099 0.292424193658
35 1.8 1.53378692072 17.4378493492 0.312525499465
35 1.8 1.44095583697 17.442338308 0.273731579605
35 1.8 1.54120289475 17.4497400397 0.283178573263
35 1.8 1.40952546284 17.457168881 0.33050649805
35 1.8 1.19976429919 17.4500761532 0.27774046543
35 1.8 1.27434550829 17.4693422218 0.316942258026
35 1.8 1.40313664184 17.4284912067 0.314957203132
35 1.8 1.39101535043 17.4710528012 0.31947878707
35 1.8 1.43321272829 17.4465490622 0.333695618511
35 1.8 1.37525166639 17.4515124889 0.29899977681
35 1.8 1.30135463089 17.4643362365 0.310464977702
35 1.8 1.46192006678 17.4640762393 0.31940961908
35 1.8 1.43968261165 17.4559604708 0.291291402186
35 1.8 1.46405952536 17.4591681326 0.320237751407
35 1.8 1.46975805841 17.4722195479 0.31033937831
35 1.8 1.65781759152 17.4501146189 0.302782288091
35 1.8 1.49355045106 17.4464062353 0.286271391489
35 1.8 1.37879598004 17.4537215134 0.308132058141
35 1.8 1.35052892764 17.4721745553 0.307874006834
35 1.8 1.42209245037 17.4598187957 0.311819781052
35 1.8 1.48606807329 17.4437803834 0.309277092523
35 1.8 1.34232001536 17.4659875485 0.316440168934
35 1.8 1.40906363878 17.4471916733 0.323558110116
35 1.8 1.28773016324 17.4651876996 0.315960064115
35 1.8 1.31725680912 17.4591631689 0.310304329315
35 1.8 1.34250697955 17.4642536803 0.303804874609
35 1.8 1.35053326787 17.4598151958 0.301571068155
35 1.8 1.48577263276 17.4895862482 0.306290713123
35 1.8 1.47176675454 17.4615035303 0.307122583802
35 1.8 1.54726447149 17.4511196381 0.341569433729
35 1.8 1.29496245534 17.4641718216 0.301479836333
35 1.8 1.60641263941 17.4360308944 0.300084407963
35 1.8 1.54036348703 17.4556187698 0.322847812031
35 1.8 1.37931581649 17.4851359474 0.306024239945
35 1.8 1.52382727355 17.4718125241 0.324854571317
35 1.8 1.68298242225 17.4422854687 0.279950907251
35 1.8 1.42338645746 17.4368807578 0.267533608145
35 1.8 1.36883281608 17.4627836452 0.302695462351
35 1.8 1.3677431638 17.4291570122 0.279612929877
35 1.8 1.40470361001 17.4555192588 0.284459948131
35 1.8 1.44579992918 17.4614758928 0.314888358085
35 1.8 1.50597406173 17.4731880931 0.316344603498
35 1.8 1.37203460017 17.4651655181 0.311055467367
35 1.8 1.38942250182 17.4666812884 0.278787928646
35 1.8 1.43736966277 17.4754244118 0.347009728447
35 1.8 1.50446115384 17.4627323704 0.324282108699
35 1.8 1.41089915196 17.4376899035 0.303833277384
35 1.8 1.39727910954 17.4647234611 0.307464040775
35 1.8 1.64537938449 17.4392939081 0.294918455313
35 1.8 1.38663941255 17.4794234337 0.314914413867
35 1.8 1.32018602235 17.4722667367 0.310758400889
35 1.8 1.54601829934 17.4610445333 0.323083010879
35 1.8 1.42028991303 17.4704104796 0.323482906845
35 1.8 1.48211529148 17.4517795874 0.305888938599
35 1.8 1.46768229319 17.4674945951 0.294403015308
35 1.8 1.56075050477 17.4595421931 0.310660116714
35 1.8 1.47704472966 17.4401238119 0.28713843523
35 1.8 1.57622537682 17.448430712 0.328577112446
35 1.8 1.62008356754 17.4427811985 0.311053815966
35 1.8 1.42107131981 17.4410432997 0.293003454688
35 1.8 1.49232114222 17.4183233211 0.298088649886
35 1.8 1.57462378884 17.4899997904 0.306414265958
35 1.8 1.68482800564 17.4218215894 0.277574373896
35 1.8 1.58113140652 17.4702874217 0.31743007008
35 1.8 1.51780085498 17.4793092609 0.283482867755
35 1.8 1.40455730686 17.4420013989 0.279421721271
35 1.8 1.44692209626 17.4538063071 0.295649428655
35 1.8 1.3967355989 17.4466205887 0.315033942937
35 1.8 1.44771377563 17.4670032704 0.312276526146
35 1.8 1.29697040938 17.4501273133 0.28014822298
35 1.8 1.46404197567 17.462559406 0.323557511693
35 1.8 1.32542615048 17.4392127226 0.301509688951
35 1.8 1.42029866763 17.4561093957 0.289610273105
35 1.8 1.6563196988 17.4606521892 0.32485583057
35 1.8 1.57655545285 17.4511877361 0.350082968144
35 1.8 1.58473730076 17.4690536872 0.295033614459
35 1.8 1.45205790967 17.4625992251 0.316750939593
35 1.8 1.52111502359 17.4565944267 0.293520146663
35 1.8 1.46867662223 17.4551657328 0.301692796869
35 1.8 1.36974063565 17.4551674801 0.307610753384
35 1.8 1.42712255199 17.4388933058 0.302165341152
35 1.8 1.46242667771 17.4432342148 0.323713287808
35 1.8 1.31687273227 17.4509975478 0.329394052353
35 1.8 1.48834170324 17.4860441849 0.299907566021
35 1.8 1.45019413054 17.4709484081 0.293900409153
35 1.8 1.59195839154 17.4641605149 0.30948624987
35 1.8 1.34161658323 17.459518164 0.28842545002
35 1.8 1.29781827608 17.4560355803 0.301976622131
35 1.8 1.44280918062 17.4535767975 0.309984237261
35 1.8 1.44804267487 17.4517340925 0.292998640832
35 1.8 1.45873335404 17.4659009662 0.311802365592
35 1.8 1.43135592875 17.4622929646 0.306597643615
