35 2.2 1.60724172938 4.09387238257 6.73141599142 116.422856903 109.575174712 2.02318337675 0.595539154423
35 2.2 1.71847499392 8.06638641146 24.5218034219 115.437358622 77.7249843969 1.24609128747 0.859996247864
35 2.2 1.83864006745 6.36279021095 13.2938371071 508.799111654 2082.95576005 3.68196144126 1.14502596202
35 2.2 1.84504669835 3.92357044367 4.7663511852 11.8411190265 11.3438937551 2.50914548597 2.2958873627
35 2.2 1.62041919962 3.83014130877 5.56806994615 216.853182359 82.5709053194 2.80772144997 0.915487624017
35 2.2 1.69356909416 1.82206346765 1.87500143825 217.374840673 171.232434685 3.274375393 1.56983662332
35 2.2 1.59256653085 3.23811210728 4.3867830866 198.299070151 195.890470993 2.93006282984 0.850782995787
35 2.2 1.6925387955 2.64633757601 2.00244953336 44.4992769849 33.5155625075 0.538191781669 0.28749123589
35 2.2 1.78177490011 2.93598174669 3.05735025025 53.627923017 40.2759012261 1.00614033148 0.59878527624
35 2.2 1.71770809839 3.7000542121 5.16327825643 210.608762382 102.355020764 3.66625594406 1.32486064657
35 2.2 1.71056069725 3.30129731319 3.27396579325 160.219194261 132.219163646 1.21639985366 0.407175844113
35 2.2 1.7389517151 2.02968210356 1.75552124872 172.383976584 149.528330623 1.58732281011 0.60762185343
35 2.2 1.63604102038 2.89245162256 3.16715466672 14.1552277928 15.7370523816 0.483075783687 0.327188065015
35 2.2 1.80831567776 2.97249544411 2.48428993931 35.1017293611 19.2949058077 0.703261175312 0.295367248202
35 2.2 1.6374089186 3.1880660428 4.38365175026 115.784440512 56.9321938413 1.75187414425 0.705091038551
35 2.2 1.77493465628 2.33865350635 1.71024350589 37.4453348138 27.2159836438 4.185994209 2.26846411541
35 2.2 1.82932813378 3.45580418368 2.86346823076 254.428109451 264.048435211 2.80435476819 0.724594210387
35 2.2 1.7226207372 3.16858805331 2.6899655881 62.443866409 45.2399471736 6.17643028201 2.35559453073
35 2.2 1.86835867066 2.33914833295 1.79263053367 207.755620097 187.381672017 1.97614963571 0.666612421047
35 2.2 1.75044463825 2.86387202937 3.92027840188 78.2987375472 42.5537549399 1.09887402615 0.588040905206
35 2.2 1.83351241509 2.58560853695 2.01745891697 14.7223344115 14.0793140331 0.362185006708 0.279853637454
35 2.2 1.49431598923 1.88218621288 1.26247617591 18.822392311 14.214877733 6.54891500306 2.75116876185
35 2.2 1.72233691893 4.45769302995 6.71968865453 107.044196389 72.9922016053 1.97255498644 1.11644187608
35 2.2 1.77646403459 2.69916442377 2.11607271325 209.138051202 196.502435478 3.97155487451 1.85926476943
35 2.2 1.74119444801 2.59831649277 2.06047527665 50.6324042874 27.2844625306 0.822225825082 0.310198472143
35 2.2 1.82752881834 3.77179298613 4.94673039405 119.517443369 105.485824872 2.03647253962 0.609926676081
35 2.2 1.80130065269 3.46560355328 5.64158492419 147.659439241 136.121683317 2.84350639676 0.89894415077
35 2.2 1.65312207262 3.88515179719 5.49639771628 620.384394551 1417.11174075 4.11687962626 1.51600395709
35 2.2 1.63447792553 4.02003344057 6.30220504834 28.7602265335 33.3830772875 1.39657328252 1.51278724058
35 2.2 1.70363484772 1.92344569051 1.78402377595 132.308745001 62.2964161126 2.44469056453 0.802763965678
35 2.2 1.86548352996 3.71599550518 7.17870666573 95.2501037641 51.9358440742 1.2133224841 0.67623556171
35 2.2 1.62090616496 2.58981063252 2.24410237445 14.3168610862 13.0437203286 0.627630925887 0.516975883877
35 2.2 1.78767315023 2.59064869363 2.13417689456 157.28799256 138.128109334 1.87350140315 0.521758025231
35 2.2 1.73365240397 3.95466948269 5.09090945957 38.8678738967 31.622186434 0.970971973131 0.65613386795
35 2.2 1.93465190984 4.41848016248 8.98066974665 37.5381112171 38.5972446014 1.23902852146 0.97120288345
35 2.2 1.73424944879 3.18479805807 2.97762552113 163.919620774 76.0528488685 3.00566427124 0.989842407868
35 2.2 1.67588357339 3.79200978042 6.50774301958 49.4726948991 47.7383042771 1.33608886517 0.594294727562
35 2.2 1.60688055886 5.31005763329 8.9319735033 58.1790340527 54.7222341585 1.49792170288 1.03948054779
35 2.2 1.75777454813 4.03097436042 6.09305580271 21.2633010944 21.2306086857 1.00123768067 0.569489174653
35 2.2 1.61575685295 2.03261669134 1.60919867175 383.496254076 463.15322882 2.94552762782 1.36965177232
35 2.2 1.80933036139 3.61574861646 5.40615565041 256.24081909 358.43348786 3.21114618329 0.892810796382
35 2.2 1.67503389586 3.3456295957 4.46625147062 79.1503069665 41.8527140973 1.1094505515 0.530102277067
35 2.2 1.82614140689 3.55607488156 5.40262170467 44.6783602738 34.5874621111 1.29791159211 0.701699435603
35 2.2 1.9054237733 3.26434871885 3.09159933836 74.6508915665 58.7336961428 0.825140051481 0.373882730626
35 2.2 1.72267311294 2.98781702857 4.0231518986 22.6463783692 18.598838841 0.603579929103 0.491460125726
35 2.2 1.99137550852 2.05262265032 1.49274653475 171.778707112 70.9714838829 2.68941897552 0.870022991612
35 2.2 1.72323967298 2.41004012463 1.88549333342 15.2044377341 11.9830191673 0.298202675015 0.202487723657
35 2.2 1.62944579858 4.13636644285 7.55115852579 62.2395565051 39.2905531698 0.997859836767 0.69717135814
35 2.2 1.75302271162 1.98934403716 1.46028923984 15.0833529562 13.3020376513 5.18876660442 2.58901482744
35 2.2 1.81851254361 12.9102344955 54.0647525587 49.2560704688 53.3050455857 3.0985611059 1.53210366775
35 2.2 2.0906418549 4.18097270908 5.85443078223 42.4450058867 32.3855286624 1.0228798665 0.783241558796
35 2.2 1.76514745042 3.94664494567 5.02806806005 10.3146200981 10.0122357451 2.13937586595 2.28312089303
35 2.2 1.93972179667 4.74430187856 8.00682988085 64.6917487063 41.1008242505 1.07646556066 0.769097320447
35 2.2 1.84210654987 5.32289211804 9.01574905597 97.9743265973 92.6861980646 2.57683576808 0.93490583492
35 2.2 1.90453470843 5.65208981879 9.42229967299 176.55240597 105.580286355 3.37958348827 1.69634983654
35 2.2 1.77162046106 3.68785287613 5.19429665467 94.8108631001 50.9545756825 1.54984920397 0.675691645716
35 2.2 1.87023211383 4.71439431974 8.97224102705 74.4894966637 49.0338064156 1.20633793117 0.835456937448
35 2.2 1.87303785113 3.02646209312 2.78284114554 65.3673741965 36.6814909077 1.05212630981 0.409564928065
35 2.2 1.85468368517 11.244057986 41.0198670328 84.420785195 79.1640822081 4.58391193174 1.65487578895
35 2.2 1.66521768521 4.41157754847 8.36811550993 80.8438004463 57.0323509407 1.36674174238 0.938915617577
35 2.2 1.80188168659 2.45772406302 1.94478816844 16.2481086512 16.761225473 0.521131514004 0.31601628441
35 2.2 1.76972230666 4.36068174904 7.93001411639 76.8111224363 73.4241917465 2.02068694999 0.762733230159
35 2.2 1.76024820919 3.21391988142 3.98939189063 13.0129818452 12.1769625659 0.638665906747 0.519741004422
35 2.2 1.90151162215 2.43939169071 1.75868861384 641.713454829 536.199242258 4.69794584093 1.59483173538
35 2.2 2.00732048216 5.17782625852 8.70769130073 40.8733201099 44.6527800604 1.43935563685 0.698093304421
35 2.2 1.86768930836 3.00470465484 2.10052628504 44.7146777227 26.4932047868 0.841739593272 0.275483528608
35 2.2 1.78086700761 3.90272564054 5.93833213308 81.0908767213 42.7879909961 1.11287680299 0.643617389504
35 2.2 1.69230378287 2.98539998 3.02958827259 52.5227023495 26.9386359462 0.852804478726 0.362316482679
35 2.2 1.72220005107 3.50085285749 2.99017773607 53.154677373 37.6841409543 5.02522944363 2.46422624306
35 2.2 1.78788060834 4.54328355344 7.411636926 71.9552646723 60.4063973841 1.64425694666 1.08551336308
35 2.2 1.74149424035 4.259164618 7.14522372099 279.618142958 257.891915315 1.61568705366 1.15177518013
35 2.2 1.84970459676 4.61807800887 9.92575811115 25.5908088635 23.4402003041 1.29596227539 0.91799099197
35 2.2 1.57417361259 6.35217635679 16.2421664043 125.594064432 149.969266671 2.70353557148 1.01172017073
35 2.2 1.74162203183 3.30192919442 3.95240648893 23.3237412033 20.7870992582 0.636784975264 0.497035461217
35 2.2 1.84501312586 2.9491138683 2.63257793467 235.348526239 256.726045851 2.8932392639 0.922128914446
35 2.2 1.82937217956 5.16923580439 11.0907809871 112.67170053 120.60134564 3.3738936816 1.22182044626
35 2.2 1.82128600651 3.70754049345 4.49610368161 157.942560437 109.935391099 17.682067866 34.5977261141
35 2.2 1.80713341389 7.87114426074 19.1143093995 78.2469896808 56.4388595218 1.54378706732 1.05669414728
35 2.2 1.77685944157 2.54248253458 2.06229068271 33.4375669751 29.5963160185 0.768494948797 0.408908834887
35 2.2 1.67395478578 6.55617817259 15.9125159721 555.28843775 1381.73378252 5.48114792976 2.03252204796
35 2.2 1.55266045605 6.54010595818 14.3394414472 151.602771193 117.20122415 2.72419601466 1.67474675587
35 2.2 1.62297969636 2.08167712747 1.53160499601 107.056847806 50.2183644749 1.54585555837 0.515949398005
35 2.2 1.8041031596 2.60181381326 2.53077349351 5.60703929365 5.74229604418 0.202674099525 0.0942120982734
35 2.2 1.59101373956 5.68443625759 11.8688570669 101.280981624 109.25177388 2.2067247036 0.736454650265
35 2.2 1.85263524039 4.33471063884 5.5994119869 47.936133686 39.5849773361 3.564408167 2.21717829439
35 2.2 1.62533205588 4.21888395187 8.77847857424 24.619336915 23.8052838481 35 2.2 1.72811252218 2.57674401282 2.44931303179 14.1675837885 14.316517391 0.580759932126 0.416355101936
35 2.2 1.78303395803 3.93059697474 5.31828883246 97.2854446866 88.9757840884 1.79660075356 0.530675095936
35 2.2 1.74119367755 4.36509066385 6.22846954614 60.5362704405 51.1352217833 1.34310286563 0.912890265073
35 2.2 1.53679462736 1.97476928343 2.02180039222 174.011203381 149.355982976 1.62257193032 0.602279648294
35 2.2 1.97493555658 5.88991823578 9.58621469168 24.7730057996 23.626098479 1.63929275575 0.662166767683
35 2.2 1.79714094217 2.39468536753 1.42504657724 54.8311075683 32.6700832557 1.3820443861 0.481083668412
35 2.2 1.8302129735 4.50565965733 6.98085250888 134.987263669 133.141826559 2.34391651473 0.70812104675
35 2.2 1.80576545728 8.43229402451 23.0755993511 29.2987001322 32.6598635676 1.60715871844 1.16126820606
35 2.2 1.53181995449 1.94682621987 1.30064943735 11.0602170778 11.2831246754 2.36289951928 2.40699052379
35 2.2 1.36865069679 2.91831282565 4.17035041053 183.964538146 187.267343209 2.56097454419 0.667045075182
35 2.2 1.76947726926 4.79437529609 9.30817425972 44.3907782281 38.5120453576 1.13504230977 0.877605421418
35 2.2 1.77114368665 2.31761809914 1.7662055883 70.4963328899 53.9920808456 0.768163773008 0.400243450227
35 2.2 1.91745561983 2.38184590828 1.77682192701 3072.01153419 5549.49898927 17.3039419264 5.41137136291
