35 2.2 1.77130637738 9.27930096107e-05 0.0484548929159
35 2.2 1.87705081994 8.6542944052e-05 0.0725745364704
35 2.2 1.8176449977 8.74557963298e-05 0.0617123094326
35 2.2 1.63747916588 8.67688545349e-05 0.0515324865029
35 2.2 1.84348765878 8.57784823635e-05 0.0652072506776
35 2.2 1.88547481211 8.13017347866e-05 0.0495757869988
35 2.2 1.79215556228 8.80014460222e-05 0.0503689084138
35 2.2 1.58975188814 8.29876744002e-05 0.0446332522521
35 2.2 1.73110309683 8.45549884544e-05 0.0551203141549
35 2.2 1.57062024882 8.7537449645e-05 0.0526371251459
35 2.2 1.8689827653 8.42559775395e-05 0.0525162530068
35 2.2 1.83259710013 8.31704388247e-05 0.0511059009808
35 2.2 1.83152599621 8.11175506114e-05 0.0616680993502
35 2.2 1.91500596093 8.58041784542e-05 0.0603628086592
35 2.2 1.88164170771 9.17236458433e-05 0.058451018072
35 2.2 1.65039907424 8.46962828546e-05 0.0470177163724
35 2.2 1.82808066953 8.49006281706e-05 0.0571697257415
35 2.2 1.65047299028 8.50123308553e-05 0.0501614412622
35 2.2 1.80192613889 8.47657854638e-05 0.053306358565
35 2.2 1.66669808994 8.36044571961e-05 0.0506032733253
35 2.2 1.66627236447 8.46991428399e-05 0.0506083083013
35 2.2 1.63438790604 8.24996898967e-05 0.0503329423887
35 2.2 1.6392464987 8.27968755714e-05 0.0595142930939
35 2.2 1.68561510877 8.46855938913e-05 0.0492120996331
35 2.2 1.84076642934 8.30972117415e-05 0.0584380928627
35 2.2 1.75311815406 8.58537056192e-05 0.0483552205693
35 2.2 1.73644495699 8.8041904943e-05 0.0535764431619
35 2.2 1.78588300749 8.90902024051e-05 0.0602370360903
35 2.2 1.76114405595 8.40260008241e-05 0.0655142846896
35 2.2 1.83404299293 8.58671682311e-05 0.064470497943
35 2.2 1.69163491947 8.89619567432e-05 0.0485827549346
35 2.2 1.98751854728 8.68158608785e-05 0.065857785082
35 2.2 1.80154905461 8.37417003636e-05 0.0731756832769
35 2.2 1.67424131557 8.79143635741e-05 0.0643319276496
35 2.2 1.80456243622 8.38625918673e-05 0.0600481600813
35 2.2 1.88809564421 8.3091990965e-05 0.0655735916927
35 2.2 1.72988242383 8.57932021082e-05 0.0551946014421
35 2.2 1.79864014472 8.55620334732e-05 0.05499954094
35 2.2 1.73698362416 8.27100162571e-05 0.0506206195987
35 2.2 1.60914373952 8.59423381961e-05 0.0528510209388
35 2.2 1.72457925083 8.472897353e-05 0.0513172005778
35 2.2 1.86114847168 8.77403902532e-05 0.0536383378415
35 2.2 1.61354464592 8.55658704468e-05 0.0594055019318
35 2.2 1.92847206737 8.68330515787e-05 0.0582126100575
35 2.2 2.15013666263 8.64837670595e-05 0.0692832660908
35 2.2 1.76257213691 8.30052793219e-05 0.0517577142093
35 2.2 1.66659845995 8.82523544498e-05 0.0533072339664
35 2.2 1.810105148 8.68781722721e-05 0.060031702099
35 2.2 1.92225624441 8.3307141326e-05 0.0559171331741
35 2.2 1.91964563648 8.21367792888e-05 0.0596376066811
35 2.2 1.82106497763 8.90004346426e-05 0.0584856080946
35 2.2 1.76916681795 8.7111413085e-05 0.0553834171627
35 2.2 1.76779421513 8.21768522145e-05 0.0513512016258
35 2.2 1.82889685101 8.87183219322e-05 0.0597938589552
35 2.2 1.77924370706 8.43209245061e-05 0.0643687587608
35 2.2 1.64699368584 8.42812550883e-05 0.0443593940169
35 2.2 1.80878330107 8.51658036956e-05 0.0503648996479
35 2.2 1.72886212315 8.44317867547e-05 0.056874455068
35 2.2 1.70768054523 8.85107503305e-05 0.0775322120795
35 2.2 1.74265095612 8.67246044863e-05 0.0494053295642
35 2.2 1.79841636812 8.6209842281e-05 0.0603009876546
35 2.2 1.78613283779 8.31187600505e-05 0.0550370384364
35 2.2 1.77455585706 8.64271805519e-05 0.0733134923317
35 2.2 1.76409538202 8.72620983986e-05 0.0560589532811
35 2.2 1.69711552589 9.40790863294e-05 0.052378142128
35 2.2 1.55867780452 8.38288607273e-05 0.0565815887799
35 2.2 1.80825789334 8.2500707453e-05 0.0581418283627
35 2.2 1.71652889512 8.23111643538e-05 0.0593874374911
35 2.2 1.63453583228 8.25883693314e-05 0.0490797274607
35 2.2 1.58992987861 8.813160594e-05 0.0486388856046
35 2.2 1.91538435305 9.01115027644e-05 0.0707039245441
35 2.2 1.71017336161 8.4051145697e-05 0.0540206223257
35 2.2 1.64291821069 8.90298363123e-05 0.0478213585808
35 2.2 1.69000299999 9.03112926304e-05 0.0483603290413
35 2.2 1.79950397883 8.4163870567e-05 0.0645444305759
35 2.2 1.53591401418 8.37538869363e-05 0.0637557783346
35 2.2 1.63052413003 8.81614656348e-05 0.0462665623691
35 2.2 1.68833126937 9.3727864142e-05 0.0645572463746
35 2.2 1.85896957062 8.34711577041e-05 0.0574901679457
35 2.2 1.73015956897 8.66780650719e-05 0.059548957066
35 2.2 1.80021040005 8.60068988696e-05 0.058741443506
35 2.2 1.74531289288 8.4759198832e-05 0.0661533953675
35 2.2 1.92190758917 8.63936359474e-05 0.0636845896759
35 2.2 1.92028390059 9.06344534481e-05 0.0609857252878
35 2.2 1.81399492782 7.97649986688e-05 0.0521305653534
35 2.2 2.07093287018 8.67695010364e-05 0.0604171640534
35 2.2 1.61125682403 8.38778461411e-05 0.044054903425
35 2.2 1.92220476636 8.65996944331e-05 0.0577557801622
35 2.2 1.55545816238 8.92042277418e-05 0.0579225793178
35 2.2 1.52156624363 8.81899495321e-05 0.0452614726474
35 2.2 1.78405115526 8.85400687249e-05 0.0621355357774
35 2.2 1.59579533166 8.66148482161e-05 0.0633419165165
35 2.2 1.92075394617 8.39770761126e-05 0.0610777091948
35 2.2 1.67385810774 8.52213549587e-05 0.064576719792
35 2.2 1.77786285788 8.33513156421e-05 0.0526204890168
35 2.2 1.73793489401 8.77003573606e-05 0.0517165066425
35 2.2 1.71149929989 8.18929667481e-05 0.0567349486789
35 2.2 1.56591982561 8.48254274399e-05 0.0525480646848
35 2.2 1.74854165149 8.54145885829e-05 0.0574725018175
35 2.2 1.76421438066 8.56694374811e-05 0.0538681827475
