0 0 8
0 2.44 8
7.32 2.44 8
7.32 0 8
0.0 0.0 0.0
0.204081632653 0.816326530612 1.63265306122
0.304304907589 1.20089309974 2.43443926071
0.37967849221 1.47378243101 3.03742793768
0.441140477497 1.67997842135 3.52912381997
0.493462623417 1.83918505395 3.94770098733
0.539248409646 1.96217621986 4.31398727717
0.580098269568 2.05558182039 4.64078615654
0.617073515174 2.12380135743 4.93658812139
0.650915805967 2.16991404453 5.20732644773
0.682163422805 2.19616476103 5.45730738244
0.711218100505 2.20424668726 5.68974480404
0.738385924463 2.19547723064 5.9070873957
0.763903667328 2.17091387034 6.11122933862
0.78795651705 2.13143408447 6.3036521364
0.810690503902 2.07779251871 6.48552403122
0.83222154972 2.0106628 6.65777239776
0.852642291449 1.93066826832 6.82113833159
0.872027379446 1.83840419066 6.97621903557
0.890437678565 1.73445312784 7.12350142852
0.907923635451 1.6193946977 7.26338908361
0.924527978951 1.49381079507 7.39622383161
0.940287866901 1.35828724629 7.52230293521
0.955236564711 1.21341281082 7.64189251769
0.969404727072 1.05977635865 7.75523781657
0.982821346526 0.897962942684 7.86257077221
0.995514427166 0.728549358778 7.96411541732
1.0075114365 0.55209965508 8.06009149203
1.01883958297 0.369160927177 8.15071666374
1.0295259604 0.180259624483 8.23620768322
1.03959759487 -0.014101500355 8.31678075893
