0.0 0.0 7.73
-0.08 2.43 7.79
7.21 2.45 8.17
7.29 0.0 8.07
0.0 0.0 0.0
0.23 0.82 1.62
0.33 1.2 2.42
0.4 1.47 3.01
0.46 1.68 3.5
0.5 1.84 3.91
0.54 1.96 4.27
0.57 2.06 4.6
0.6 2.12 4.89
0.63 2.17 5.15
0.65 2.2 5.39
0.68 2.21 5.62
0.7 2.2 5.82
0.72 2.17 6.02
0.74 2.13 6.2
0.76 2.08 6.37
0.78 2.01 6.53
0.8 1.93 6.69
0.81 1.84 6.83
0.83 1.74 6.97
0.85 1.62 7.1
0.87 1.49 7.22
0.89 1.36 7.34
0.91 1.21 7.45
0.93 1.06 7.56
0.94 0.9 7.66
0.96 0.73 7.75
0.98 0.55 7.85
0.99 0.37 7.93
1.01 0.18 8.02
1.02 -0.01 8.1
