106.660809574 238.593435657
51.86074764 116.009188422
38.5819671207 86.3054023918
31.0931787965 69.5534600213
26.1472911848 58.4898245364
22.6046250156 50.5651060193
19.9404632227 44.6055458222
17.8751491877 39.9855699072
16.244829223 36.3386480138
14.9467096442 33.4348372193
13.9127562444 31.1219493371
13.0944257009 29.2913960471
12.4566290759 27.8646856309
11.9708084152 26.7779357646
11.6131739956 25.9779303528
11.3635953711 25.4196388705
11.2037728212 25.0621260086
11.117543579 24.8692366874
11.0907477927 24.8092962208
11.1112516384 24.8551620172
11.1690206024 24.9843875093
11.2552203077 25.1772107581
11.3633511196 25.4190924954
11.4875376512 25.6968898546
11.6232518478 26.0004738661
11.7665633777 26.3210526282
11.9141977581 26.6513013313
12.0635240919 26.9853348265
12.2119063966 27.3172565886
12.3577057573 27.6434004697
