-0.0 -0.0 7.61
-0.37 2.48 7.39
6.64 2.44 7.23
7.21 0.0 7.46
0.0 0.0 0.0
0.1 0.85 1.56
0.13 1.24 2.32
0.16 1.52 2.89
0.18 1.73 3.35
0.2 1.89 3.74
0.22 2.02 4.08
0.24 2.11 4.38
0.26 2.18 4.65
0.28 2.23 4.9
0.3 2.25 5.12
0.33 2.26 5.33
0.36 2.25 5.52
0.39 2.22 5.7
0.42 2.18 5.87
0.46 2.13 6.03
0.49 2.06 6.19
0.53 1.98 6.33
0.58 1.88 6.47
0.62 1.77 6.61
0.66 1.65 6.74
0.71 1.53 6.87
0.75 1.39 7.0
0.79 1.24 7.12
0.83 1.08 7.24
0.87 0.92 7.36
0.91 0.74 7.47
0.94 0.56 7.58
0.97 0.38 7.69
1.0 0.18 7.79
1.03 -0.01 7.89
