103.242302598 230.946453346
49.6843577119 111.140742811
36.7237017756 82.1485812051
29.4001460579 65.7662536481
24.5343334936 54.8817409429
21.0158190289 47.0110482497
18.3386853808 41.0224708391
16.2373520817 36.3219221251
14.5603051343 32.5704749484
13.2173901545 29.5664596957
12.1528074226 27.1850559489
11.3301949205 25.3449241905
10.7236829054 23.9881954536
10.3117399967 23.0667054116
10.0725819357 22.531724066
9.98213965787 22.3294104525
10.0143620737 22.4014899438
10.1424545019 22.6880245451
10.3402727311 23.1305313206
10.5850480957 23.6780782168
10.8566535318 24.2856422732
11.1394736033 24.9182927547
11.4217608491 25.5497513391
11.694851408 26.1606375208
11.9532995672 26.738769587
12.1938569782 27.2768811896
12.4150747481 27.7717312471
12.6166101227 28.2225530402
12.7990106946 28.6305714989
12.9633888251 28.9982749042
