0.0 -0.0 8.34
0.24 2.4 8.4
7.67 2.41 8.37
7.25 -0.0 8.27
0.0 0.0 0.0
0.27 0.79 1.62
0.33 1.16 2.49
0.48 1.43 3.11
0.53 1.63 3.62
0.59 1.77 4.05
0.69 1.88 4.43
0.74 2.01 4.75
0.83 2.05 5.09
0.87 2.12 5.37
0.91 2.15 5.62
0.9 2.15 5.9
0.91 2.13 6.11
0.95 2.12 6.31
1.0 2.07 6.55
1.02 2.03 6.74
1.03 1.97 6.95
1.03 1.9 7.1
1.06 1.8 7.29
1.06 1.68 7.42
1.05 1.59 7.61
1.06 1.46 7.77
1.06 1.33 7.88
1.07 1.19 7.99
1.04 1.05 8.16
1.04 0.88 8.25
1.03 0.72 8.31
1.05 0.55 8.4
1.02 0.36 8.51
1.04 0.17 8.56
1.01 -0.02 8.62
