105.718047143 236.484536162
54.8500305304 122.696023801
40.0193735453 89.5207889866
31.8955310902 71.3482709844
27.0043451957 60.406999756
23.3397638123 52.2095646717
20.4163582189 45.6700926094
20.2168187946 45.22373563
17.2773961986 38.6484345534
14.4485427718 32.3204696638
16.2950028865 36.4508833025
12.2457963467 27.3930662479
12.0162822398 26.8796578131
14.2315083755 31.8349775467
11.6633078492 26.0900765894
12.8257641218 28.6904172111
9.44611499916 21.1303574411
12.5614780036 28.0992260023
9.89191516213 22.1275840038
12.4243420298 27.7924615659
11.7889018929 26.3710224634
9.97973614023 22.3240339367
10.7703294494 24.0925408005
12.5884342063 28.1595253103
10.979691781 24.560870998
10.1410110455 22.684795625
10.9198528241 24.4270150637
13.2590572008 29.6596662236
11.0188713308 24.6485131547
11.9685259308 26.7728299924
