19.5 -318.0 21 1
21.5 -320.0 22 2
101.5 -499.5 33 3
173.0 -424.0 37 4
120.0 -353.0 38 5
180.5 -497.5 39 6
105.5 -501.0 39 7
122.5 -349.0 39 8
193.5 -318.5 40 9
216.0 -478.0 45 10
269.0 -474.5 45 11
275.0 -488.5 46 12
389.0 -436.0 48 13
434.5 -409.5 49 14
473.0 -385.5 50 15
510.5 -367.0 51 16
224.0 -380.5 52 17
542.5 -348.0 52 18
572.5 -333.5 53 19
599.5 -322.0 54 20
313.5 -395.5 55 21
624.0 -311.0 55 22
316.0 -403.0 56 23
283.5 -375.0 56 24
248.5 -325.5 56 25
648.0 -301.0 56 26
314.0 -401.0 57 27
670.0 -291.5 57 28
273.0 -469.0 58 29
309.5 -398.0 58 30
274.0 -385.0 58 31
689.5 -285.0 58 32
709.0 -279.5 59 33
726.5 -274.0 60 34
743.5 -269.5 61 35
759.0 -266.5 62 36
774.0 -263.0 63 37
788.0 -261.5 64 38
231.0 -477.5 65 39
279.0 -350.0 65 40
801.5 -259.5 65 41
227.5 -478.0 66 42
276.5 -344.0 66 43
814.5 -259.5 66 44
193.5 -363.0 67 45
827.0 -258.5 67 46
278.5 -466.0 68 47
184.5 -369.5 68 48
838.5 -258.0 68 49
275.0 -458.0 69 50
236.5 -395.5 69 51
849.5 -259.5 69 52
274.5 -458.5 70 53
183.0 -365.5 70 54
861.0 -260.0 70 55
273.0 -459.0 71 56
871.0 -261.0 71 57
275.5 -471.5 72 58
169.0 -377.0 72 59
196.5 -346.5 72 60
880.5 -263.0 72 61
275.0 -477.5 73 62
168.5 -378.0 73 63
890.5 -264.5 73 64
271.0 -466.0 74 65
172.0 -378.5 74 66
263.5 -341.0 74 67
229.0 -303.5 74 68
900.0 -267.0 74 69
268.5 -464.5 75 70
172.0 -380.5 75 71
262.5 -343.0 75 72
230.5 -296.5 75 73
908.0 -269.0 75 74
265.5 -468.0 76 75
174.5 -373.5 76 76
917.0 -272.5 76 77
260.5 -340.5 77 78
925.0 -275.0 77 79
259.5 -344.0 78 80
229.0 -295.5 78 81
933.5 -278.0 78 82
258.5 -340.0 79 83
231.5 -301.5 79 84
941.0 -281.5 79 85
258.5 -341.5 80 86
948.5 -286.0 80 87
176.5 -382.5 81 88
956.0 -289.5 81 89
256.5 -342.0 82 90
228.5 -301.5 82 91