35 0.4 0.314117566174 8.88863151458e-05 0.0151056556552
35 0.4 0.306325897025 8.86672077966e-05 0.01094442927
35 0.4 0.337989564482 8.38763843977e-05 0.0110875744118
35 0.4 0.305402558174 8.57459682461e-05 0.0126489427892
35 0.4 0.333605389211 8.33342749168e-05 0.00988731975924
35 0.4 0.29225434392 8.7923874649e-05 0.00960227393566
35 0.4 0.331103899705 8.90404764565e-05 0.0104312005502
35 0.4 0.309980756581 8.56482363313e-05 0.00900323760537
35 0.4 0.296601350087 8.44840289608e-05 0.00865608995719
35 0.4 0.323578973992 8.25527540115e-05 0.0107469150411
35 0.4 0.357754482061 8.76486019087e-05 0.0115857919477
35 0.4 0.350346197618 8.43625160421e-05 0.01091713275
35 0.4 0.31937076718 8.63406671005e-05 0.0114552103601
35 0.4 0.33071083511 8.85204176672e-05 0.0117687093264
35 0.4 0.347204727764 9.04251682821e-05 0.0105774592712
35 0.4 0.313254491121 8.1471151187e-05 0.00918156913995
35 0.4 0.300208158307 8.82247969073e-05 0.00987659027689
35 0.4 0.299982593514 8.35525514617e-05 0.00898061472415
35 0.4 0.334145939681 8.41476562375e-05 0.0119616318643
35 0.4 0.299651640704 8.57708891764e-05 0.00915335228951
35 0.4 0.325488404338 8.61383141999e-05 0.0115821475552
35 0.4 0.324221576297 8.29504909441e-05 0.0107769654459
35 0.4 0.339798519241 8.42935003064e-05 0.0100649167833
35 0.4 0.33251461988 8.31119960686e-05 0.0101506300786
35 0.4 0.315896693921 8.66016988523e-05 0.0106991661243
35 0.4 0.347479143614 8.44693777952e-05 0.0119575641884
35 0.4 0.331692924733 8.1305303313e-05 0.0101239502875
35 0.4 0.326402521674 8.59223490747e-05 0.00920027192292
35 0.4 0.320102569095 9.21551990527e-05 0.00921138146543
35 0.4 0.295139414344 8.3191801155e-05 0.0103686329148
35 0.4 0.350354750305 8.61817502805e-05 0.010315765463
35 0.4 0.287160235968 8.66745037737e-05 0.00865268823816
35 0.4 0.320641163408 8.77706003907e-05 0.00949498275866
35 0.4 0.313434055903 8.63075281725e-05 0.00833726302762
35 0.4 0.334973684733 8.68160387651e-05 0.015347308943
35 0.4 0.308147715499 8.06127070402e-05 0.00871319114913
35 0.4 0.348237406262 8.22050053797e-05 0.0103600841052
35 0.4 0.332966352912 8.72398591264e-05 0.0104581674903
35 0.4 0.341851303605 8.46471457311e-05 0.0106895762689
35 0.4 0.325091876357 8.59900627432e-05 0.0110000969459
35 0.4 0.301610154323 8.82846665817e-05 0.0084048191686
35 0.4 0.289587576719 8.21033098357e-05 0.00830281186899
35 0.4 0.311480804421 8.05592920394e-05 0.00983524426843
35 0.4 0.336714272903 8.46850589955e-05 0.0110479434231
35 0.4 0.317548012825 8.81603021775e-05 0.0113356075504
35 0.4 0.320336824122 8.19217803948e-05 0.0105157702785
35 0.4 0.339049070206 9.14835515611e-05 0.0109973768786
35 0.4 0.333725873946 8.57082394742e-05 0.0108934488576
35 0.4 0.308544771333 8.3914979364e-05 0.0107530439097
35 0.4 0.350084983481 8.28869488145e-05 0.0105996499228
35 0.4 0.305054546057 8.31069320945e-05 0.00844487299687
35 0.4 0.3417639955 9.12275815161e-05 0.0114437553625
35 0.4 0.325784003117 8.23345575993e-05 0.0105714349435
35 0.4 0.33297872367 8.7383504128e-05 0.0101342900542
35 0.4 0.318332673026 8.77429419151e-05 0.0114338757238
35 0.4 0.301367828439 8.61651326248e-05 0.0112082793145
35 0.4 0.35239898683 8.350810985e-05 0.0124306523022
35 0.4 0.33503135287 8.82367571842e-05 0.0104637508503
35 0.4 0.312093263685 9.09547708548e-05 0.00823404665663
35 0.4 0.306798200777 8.59380688157e-05 0.0140841454515
35 0.4 0.318362277074 8.24408307322e-05 0.00869037685092
35 0.4 0.293009299188 8.33043764496e-05 0.0100062457757
35 0.4 0.355396215312 9.2112589108e-05 0.0125036849515
35 0.4 0.303222649174 8.29141886165e-05 0.00853334096584
35 0.4 0.322935061006 8.33933434126e-05 0.0126252208122
35 0.4 0.31797840837 8.71216730986e-05 0.00960146793979
35 0.4 0.352784973017 8.66339659624e-05 0.0106546200332
35 0.4 0.289207190547 8.70126098516e-05 0.010070617244
35 0.4 0.332293254924 8.51667856755e-05 0.0136614674695
35 0.4 0.297464233063 8.2171734489e-05 0.00972084096328
35 0.4 0.28922622119 8.47836097266e-05 0.0117621634138
35 0.4 0.353983121549 8.82891393903e-05 0.0108301728604
35 0.4 0.30172121767 8.31527370518e-05 0.00843528124539
35 0.4 0.322889184037 8.34211572322e-05 0.0111077430779
35 0.4 0.372295647921 8.34247646371e-05 0.012396738378
35 0.4 0.33542620919 8.70622125011e-05 0.0109709924045
35 0.4 0.301746897636 8.46396085796e-05 0.00865189639493
35 0.4 0.307034598395 8.72957101818e-05 0.0106906677583
35 0.4 0.323239898523 8.19524052849e-05 0.0124993967901
35 0.4 0.300186582563 8.33751948085e-05 0.0114579271156
35 0.4 0.288877162808 8.85269395026e-05 0.00937484402313
35 0.4 0.35498373639 8.46078001035e-05 0.0127709601802
35 0.4 0.324168508066 8.32957157776e-05 0.0118893828696
35 0.4 0.319072269699 8.21209015238e-05 0.00963756225647
35 0.4 0.294031442685 8.52441072514e-05 0.00760677126988
35 0.4 0.343395498147 9.05559598846e-05 0.0114141896992
35 0.4 0.28214270804 8.8424674381e-05 0.0093038814666
35 0.4 0.351906828532 8.82831134434e-05 0.0104317887079
35 0.4 0.342292599212 8.93154690474e-05 0.00982903744075
35 0.4 0.283464327976 8.28898401633e-05 0.00759851429151
35 0.4 0.322017695246 8.508797437e-05 0.00989211797364
35 0.4 0.326393756946 8.10310710552e-05 0.0122149696987
35 0.4 0.338251849115 8.32547600293e-05 0.00971088061512
35 0.4 0.358657985528 8.54872973999e-05 0.0138130411686
35 0.4 0.330124881274 8.4900265985e-05 0.00980642089831
35 0.4 0.358570385197 8.65530677433e-05 0.0102906534454
35 0.4 0.302538430159 8.25209958783e-05 0.010614090631
35 0.4 0.296309937708 8.95559193648e-05 0.00982773779074
35 0.4 0.331491651175 9.08478632838e-05 0.0100476956408
35 0.4 0.309384827836 8.43095573811e-05 0.00905968293257
