58.2892828507 130.389412127
58.2893241297 130.389504465
58.2891727737 130.389165892
58.2893241297 130.389504465
58.2892415718 130.389319789
58.2892209323 130.389273619
58.289200293 130.38922745
58.289441087 130.389766091
58.289200293 130.38922745
58.2891452544 130.389104333
58.289358529 130.389581414
58.2894273272 130.389735312
58.2891383746 130.389088943
58.2892828507 130.389412127
58.2892828507 130.389412127
58.2890764561 130.388950435
58.289200293 130.38922745
58.2896406018 130.390212393
58.2889251002 130.388611862
58.2895030054 130.389904599
58.2892209323 130.389273619
58.2893585288 130.389581414
58.289200293 130.38922745
58.2893516489 130.389566024
58.2893654087 130.389596804
