35 2.0 1.60028850413 2.21016445036 1.79606160731 45.2724533098 26.7813166794 0.941724007806 0.336046056925
35 2.0 1.55175190494 2.3165004853 2.20550653382 215.016931926 81.804051232 2.79358868567 0.933807423947
35 2.0 1.588772144 3.85430286356 5.2769318399 97.967280981 81.8592358173 2.18094785232 1.62699360293
35 2.0 1.58409820535 2.90134607731 2.77647930893 276.638025544 311.275018549 2.87920585905 0.76006042706
35 2.0 1.59178028552 2.66894907806 2.79128783063 9.33436531451 10.1338815824 3.31629575688 2.56210216853
35 2.0 1.4773714176 2.08670476808 1.6708677206 49.8556717569 35.6254276112 0.507875032079 0.326028206453
35 2.0 1.670611263 2.68593062019 2.58518178198 185.892676013 166.973128681 1.96748667735 0.741943437044
35 2.0 1.58552658556 3.33053670661 4.85890482539 71.1056522921 54.3018770542 1.53091910632 0.951531747265
35 2.0 1.44040039102 3.50677450148 4.78569238977 223.308899034 114.112612626 3.54347372967 1.34438515135
35 2.0 1.91295622674 4.16725613242 5.10958607588 19.2969536791 15.622367506 0.782909582684 0.363960586976
35 2.0 1.60753523548 2.55987047807 3.22036721837 19.4830084408 18.9104827937 0.543593295516 0.325267879067
35 2.0 1.52764182627 2.28996785219 2.34522768475 52.4716885127 41.1112670964 0.667735615947 0.323370434723
35 2.0 1.67747974347 4.57874216712 7.36845715103 176.109504706 192.146827668 2.71700813059 0.778767912012
35 2.0 1.53931332976 3.91421699475 6.96524717417 12.7113040645 13.9792525126 0.628877478305 0.521317472529
35 2.0 1.47884415594 2.46434191043 1.65219722087 13.2990333155 12.6902318939 5.96682321155 2.4962715698
35 2.0 1.50354814993 2.26616271275 1.93972725763 127.458489149 59.1686297753 1.85630353205 0.701805483522
35 2.0 1.66300380564 4.47339722445 6.52389680209 74.5187593969 67.1876676266 1.42009875468 0.401284080118
35 2.0 1.66460147125 3.38792436341 4.70466292255 32.0782360782 26.8445056016 0.968984593287 0.727999308327
35 2.0 1.46695303117 4.21019043143 8.49780165131 74.4032381427 52.6454163854 5.81076743856 2.13412510202
35 2.0 1.83396669698 3.08210829271 3.79355056511 162.944139786 150.982556122 2.19789993434 0.575349762334
35 2.0 1.51749727556 3.02486498864 3.85709671286 47.9133215264 26.4770552697 0.818691641036 0.371338345341
35 2.0 1.49184135508 4.31157493102 6.57277039709 24.2075873944 26.1909765411 1.53989334476 1.59908258795
35 2.0 1.6966526556 3.87215736291 6.06151597772 130.373808214 65.1019296273 1.67753932633 0.700776073965
35 2.0 1.55169964689 4.31679940462 7.4597468985 56.8261914446 34.2588645765 1.03649051512 0.70738922896
35 2.0 1.61996255495 2.72188509094 2.59951058145 801.37443851 772.607576889 4.62343515446 1.78280115977
35 2.0 1.28738261661 5.39970727888 13.8071468426 67.2267913501 50.8715958459 5.0219565707 2.24149752383
35 2.0 1.62295421511 2.50166248389 1.80943630776 70.2486579998 51.2988212821 0.855079931795 0.303546004425
35 2.0 1.39220596685 3.62302816205 5.59491320369 103.402427639 94.6568561344 1.78364770768 0.486594970569
35 2.0 1.58493069548 2.52581992716 2.4419795902 17.9713914861 16.3015947211 0.401729331853 0.264280192758
35 2.0 1.67255027986 2.42593257137 1.72006042183 117.998543266 59.0843214247 2.07464129552 0.667977479163
35 2.0 1.56642322032 4.89208193878 9.0920807322 190.828804581 111.555322014 2.97162261454 1.32122588452
35 2.0 1.527937534 2.25845045208 1.98092645269 58.4785550194 35.0387395141 1.20799501017 0.433223634988
35 2.0 1.65376162317 5.4702403053 11.1361517926 105.86050631 111.246126806 2.24535592229 0.841528652425
35 2.0 1.61275649753 2.75408435515 2.43437259242 8.02765862485 8.60105705582 0.375634358135 0.433718573572
35 2.0 1.71541919494 1.77528019313 1.16879407323 31.9744321815 23.4574604034 0.48662825315 0.265933167573
35 2.0 1.59607666604 2.37845628748 1.98004053938 400.946035513 435.414570866 6.76039031763 2.41640817128
35 2.0 1.40062029522 3.026279895 3.61838762245 80.1722708577 60.5761550993 1.10261990351 0.699817760014
35 2.0 1.64737805928 9.58468573799 32.5100044687 53.559732282 56.8204838382 4.51278768696 1.81029270356
35 2.0 1.51351552137 3.20265310732 4.67125964229 114.388154809 74.3657091264 5.36182492286 2.42824969428
35 2.0 1.4183653513 2.26412154671 1.46337620793 80.9386110386 64.4351096624 0.924859215372 0.384523174004
35 2.0 1.52925537816 2.24235373832 1.79460855929 20.8277066573 16.5742306588 4.24143853743 2.44010899567
35 2.0 1.79608927988 2.95905037658 3.27841870541 150.718913913 64.4039023864 2.1242531301 0.756646607562
35 2.0 1.4722003291 2.50655038597 2.86345492278 211.394534099 183.357711533 1.56208848446 0.725284908333
35 2.0 1.42074166476 2.39770338575 2.6455538245 140.13349015 65.0341965837 2.38975739383 0.802076694083
35 2.0 1.5708874633 2.99111974042 4.2934732113 117.61271221 73.605409674 2.11446096135 1.02753296287
35 2.0 1.52126625855 2.18569995877 2.27875313494 153.263508212 66.8721641541 2.16677592481 0.757764329362
35 2.0 1.55769274726 2.83313153013 3.26325976372 172.188252005 79.6416023555 2.78499684209 0.96226722473
35 2.0 1.70053947809 3.22705266646 3.71315084449 130.531561245 76.5600336804 2.52770480499 1.01873671158
35 2.0 1.75332446293 4.49312841841 8.82854008609 124.534377858 63.7628218641 1.43029578464 0.75545344513
35 2.0 1.61021254122 2.22795404741 2.12553145282 71.6017505394 53.4636917301 0.810146878347 0.330435040638
35 2.0 1.66291219831 2.34963699243 2.61705051452 35.2053042341 21.4994791108 0.599604279019 0.391894766033
35 2.0 1.60904592099 4.96079759798 9.25144476703 25.9896634204 23.7335357185 1.56979774157 0.921323705571
35 2.0 1.50650445248 4.18041295553 6.10806477881 25.2327948321 28.9991649766 1.13316870438 0.555776571875
35 2.0 1.69500007621 3.20006646447 5.33703717129 100.464891824 68.0880164538 2.06626211243 1.0355351488
35 2.0 1.70417478736 3.90538225704 4.20107060882 53.5509263358 36.0768278654 1.29310803126 0.673319827213
35 2.0 1.54855230254 2.17494351085 1.77242538729 83.743214544 47.0015556251 1.88254691317 0.636965446547
35 2.0 1.58798332452 3.24766160151 4.34520682491 97.0474663095 48.7752052473 1.16147878064 0.591288119142
35 2.0 1.47383305499 3.73697388468 5.14077130116 61.7773690679 54.6346613385 1.22839280799 0.429582131915
35 2.0 1.53925309793 5.05509585781 10.739264375 38.8981084947 44.7487099264 1.81525633246 0.891014088334
35 2.0 1.42735858054 3.45860032561 5.03743059198 76.6494022043 67.7927966403 1.54079925271 0.53752510243
35 2.0 1.61343801926 3.86097733177 6.77820452731 69.2218194218 62.124607646 1.32123345002 0.3675028375
35 2.0 1.58787856767 3.37826723313 4.04917854814 65.2729251002 39.3008360382 0.935426822608 0.563666051856
35 2.0 1.50541980887 3.85136147057 5.12701932083 23.550559118 21.4046762284 1.45877300573 1.81046549936
35 2.0 1.58985414248 3.13604634352 5.0231065068 17.0482690305 18.5958009688 0.701844842631 0.586746586229
35 2.0 1.52747053054 2.04554910202 2.33966148407 123.671068014 60.3192619194 2.41149015956 0.78243135124
35 2.0 1.59144988304 2.94668377109 2.59223807163 108.723777811 89.8862919688 1.26069734335 0.451398618682
35 2.0 1.62856188748 3.34866839696 3.40057641343 155.871847565 138.904066034 2.40215061391 0.691789472739
35 2.0 1.60863833554 2.11077213523 1.61806911314 166.863772831 138.216232838 1.68325036192 0.485978492216
35 2.0 1.55585405356 1.82322568689 1.47469860304 75.7463272322 43.5618185652 1.68783842554 0.562005157464
35 2.0 1.59302731022 2.64568283508 2.42787245011 42.7431153151 29.1393214137 0.666816854225 0.266296588099
35 2.0 1.60747598034 2.02829745457 1.50127115438 327.767433807 304.211659968 2.11971212768 1.23028992168
35 2.0 1.59637635336 2.83805084812 4.14630411202 224.769652478 205.374469971 2.27568935552 1.37856860376
35 2.0 1.4884921505 1.67217921011 1.42209222915 71.5534707685 53.5247732361 0.671944531092 0.368745738206
35 2.0 1.52134565317 2.96984853402 3.79773100951 57.6287110495 49.8222573811 1.1497379078 0.428605059735
35 2.0 1.49427071427 2.34913287938 1.94647763903 51.388804857 37.865413797 0.542254893644 0.298505316194
35 2.0 1.73710705228 4.93797607593 10.3786906419 23.0175852739 25.8174496754 1.0762209596 0.870117381525
35 2.0 1.67323902446 2.52794848969 2.07436591867 215.327314599 202.164556792 2.40757559476 0.77641387196
35 2.0 1.72013683901 3.23239428603 3.07342620659 168.550664613 117.314592634 9.52994502315 6.60569364127
35 2.0 1.75001142316 2.75632011845 3.07936154593 42.2184948909 33.4600505995 0.546215586392 0.300114211972
35 2.0 1.57120314635 3.18189430457 3.94286052585 68.1971113223 34.2093516429 0.826384734305 0.447612907691
35 2.0 1.59686507618 2.68825455624 1.5748711843 96.0091830431 52.5011046866 1.84053793814 0.636365149964
35 2.0 1.60747334667 1.78243743405 1.48929367871 3.53184962408 3.05067995937 0.222889493835 0.0747089457855
35 2.0 1.78621545966 6.21953071235 12.0690412095 132.636284205 106.297734309 2.30520833862 1.41213125153
35 2.0 1.67301434681 2.76971193448 2.65919481736 10.252811489 9.96719542027 0.571284011992 0.288604899707
35 2.0 1.60889793516 2.15037349778 2.74259713858 18.7433128856 18.3698719438 0.84276682513 0.709906850303
35 2.0 1.87933033763 6.64027860322 14.8132395306 27.2531421189 29.0012800846 35 2.0 1.41420463096 2.27395449297 1.65084685247 44.1156902265 23.7341761973 0.692490615262 0.259232934993
35 2.0 1.55275968697 4.78681165585 9.01899738566 21.0194539609 20.4336575799 1.03958414808 0.816641593974
35 2.0 1.52401074975 2.59403891796 2.34303487481 143.644076956 116.545488991 1.15257713549 0.405887247188
35 2.0 1.70088825012 2.5804267643 1.74486292219 34.9371509671 25.0711239085 1.11963829958 0.456794704169
35 2.0 1.68784704741 2.07188940252 1.41855999088 12.0627642719 13.0750316268 4.78881472406 2.66602218103
35 2.0 1.75098750326 5.2123851365 9.58250963593 99.5113416748 66.3581242177 4.82988241797 2.10767579278
35 2.0 1.51358364883 2.87241200005 3.26088174732 38.0072165475 24.244105568 0.634329436266 0.391872886293
35 2.0 1.66527860557 3.60156940125 6.45444761013 180.230532362 189.311694 2.71126048696 0.782040212622
35 2.0 1.50118141562 4.28863767386 6.93199500396 150.536812442 157.955753147 2.50594790763 0.74701351282
35 2.0 1.67424696236 6.02370532616 11.8934675384 42.7183973576 42.5107990808 35 2.0 1.64385187929 3.01341403679 3.72048134588 54.6252853725 43.7374397453 0.858977617891 0.325468749931
35 2.0 1.62816592924 2.6867109375 2.60761547438 134.285130854 67.0981482551 2.60832075494 0.867574288185
35 2.0 1.52242172103 2.81383750009 4.74738273002 40.27157284 27.3435519715 3.62410886936 2.14011196989
