-0.0 0.0 8.4
0.24 2.4 8.46
7.67 2.42 8.41
7.25 -0.0 8.31
0.0 0.0 0.0
0.29 0.75 1.72
0.44 1.17 2.52
0.39 1.4 3.13
0.58 1.66 3.58
0.61 1.74 4.02
0.65 1.92 4.37
0.75 1.96 4.72
0.79 2.0 5.08
0.91 2.11 5.38
0.87 2.13 5.66
0.88 2.1 5.96
0.88 2.12 6.24
1.02 2.07 6.38
0.94 2.04 6.6
1.01 1.98 6.79
0.92 1.93 6.98
1.05 1.83 7.17
0.96 1.84 7.3
1.06 1.68 7.61
1.11 1.55 7.86
1.05 1.45 7.87
1.07 1.33 7.93
0.93 1.16 7.96
1.14 1.01 8.16
1.03 0.9 8.3
1.02 0.68 8.42
1.1 0.63 8.46
1.1 0.38 8.48
0.98 0.18 8.7
1.03 -0.07 8.72
