110.075591117 246.232084412
53.4181138515 119.492917418
37.7846124964 84.5217708968
31.7014661617 70.9141601032
26.1968582477 58.6007028982
22.9204362505 51.2715556313
21.0848753339 47.1655228046
21.2299300865 47.4900010447
19.503632157 43.6283825587
16.513595985 36.9398621372
17.4813746889 39.1047214407
16.2643271995 36.3822637451
11.7285820717 26.2360908664
13.886269006 31.0626990723
12.0836055713 27.0302558166
12.8215884496 28.6810764983
14.839402613 33.194798227
9.37622870703 20.9740262581
20.8749348275 46.6958992671
16.6093972767 37.1541635233
7.04796573345 15.7658503198
7.68657399487 17.1943763149
12.9799950732 29.0354220233
19.2066367778 42.9640228171
12.0487848335 26.9523640445
14.4734906282 32.3762764292
6.22299126248 13.9204349874
14.8192458622 33.1497088596
18.6082939446 41.6255680197
14.6967465868 32.8756857849
