1267.5 -319.0 2 1
1263.0 -316.0 3 2
1268.0 -370.0 4 3
1264.0 -316.0 4 4
1257.0 -382.0 5 5
1235.0 -376.0 6 6
1268.5 -316.5 6 7
1228.0 -309.0 6 8
1263.0 -455.0 7 9
1204.5 -373.5 7 10
1253.5 -457.0 8 11
1181.5 -365.5 8 12
1270.5 -321.5 8 13
1249.5 -458.0 9 14
1161.5 -358.5 9 15
1265.0 -327.5 9 16
1253.0 -332.0 10 17
1252.0 -424.0 11 18
1235.5 -397.0 11 19
1211.0 -414.5 12 20
1195.5 -444.0 14 21
1240.5 -450.0 16 22
1118.0 -306.5 16 23
1110.5 -305.0 17 24
1096.5 -304.5 18 25
1085.0 -309.0 19 26
1147.5 -368.0 20 27
1121.5 -342.0 20 28
1072.0 -315.0 20 29
1133.5 -352.0 21 30
1060.5 -319.5 21 31
1136.0 -352.0 22 32
1062.5 -380.5 23 33
1090.0 -319.5 24 34
1043.5 -304.5 24 35
1051.0 -439.0 25 36
996.0 -340.0 25 37
829.0 -359.0 26 38
1014.5 -294.5 26 39
954.0 -392.0 27 40
786.5 -349.5 27 41
1006.0 -293.0 27 42
745.0 -339.5 28 43
1065.5 -305.5 28 44
708.5 -331.0 29 45
992.0 -285.0 29 46
676.5 -323.0 30 47
991.0 -284.5 30 48
646.5 -316.0 31 49
1031.0 -306.5 31 50
988.0 -288.0 31 51
618.0 -311.0 32 52
1017.5 -307.0 32 53
983.0 -287.0 32 54
993.0 -366.0 33 55
954.0 -353.5 33 56
593.5 -306.5 33 57
977.0 -289.5 33 58
977.5 -435.0 34 59
940.0 -430.5 34 60
571.5 -305.0 34 61
971.5 -293.5 34 62
975.5 -442.5 35 63
933.0 -432.0 35 64
976.0 -372.0 35 65
550.5 -301.5 35 66
972.5 -377.0 36 67
531.0 -299.0 36 68
981.5 -443.5 37 69
514.5 -297.5 37 70
498.0 -296.0 38 71
966.0 -436.0 39 72
482.5 -295.5 39 73
967.0 -440.5 40 74
469.0 -296.0 40 75
961.0 -437.5 41 76
456.5 -296.5 41 77
959.0 -438.0 42 78
445.0 -298.0 42 79
937.0 -319.0 43 80
434.5 -299.5 43 81
424.0 -301.0 44 82
939.5 -434.5 45 83
415.5 -302.5 45 84
940.5 -428.5 46 85
947.5 -369.5 46 86
406.5 -304.5 46 87
931.5 -301.0 46 88
936.5 -430.0 47 89
942.5 -366.0 47 90
933.0 -298.5 47 91
954.5 -415.5 48 92
946.5 -355.5 48 93
391.0 -310.0 48 94
929.0 -444.0 49 95
950.5 -414.5 49 96
384.0 -312.5 49 97
947.5 -422.0 50 98
377.0 -315.5 50 99
942.5 -369.5 51 100
372.0 -319.0 51 101