1216.0 -361.5 7 1
1202.0 -346.5 7 1
1188.0 -331.5 7 1
1174.0 -316.5 7 1
1160.0 -301.5 7 1
1145.0 -282.0 8 1
1130.0 -271.0 8 1
1115.0 -260.0 8 1
1100.0 -249.0 8 1
1085.0 -238.0 8 1
1067.5 -226.0 9 1
1052.5 -223.0 9 1
1037.5 -220.0 9 1
1022.5 -217.0 9 1
1007.5 -214.0 9 1
992.5 -209.5 10 1
979.5 -206.5 10 1
966.5 -203.5 10 1
953.5 -200.5 10 1
940.5 -197.5 10 1
926.0 -191.5 11 1
915.0 -191.5 11 1
904.0 -191.5 11 1
893.0 -191.5 11 1
882.0 -191.5 11 1
868.0 -193.5 12 1
857.0 -196.5 12 1
846.0 -199.5 12 1
835.0 -202.5 12 1
824.0 -205.5 12 1
811.5 -212.0 13 1
802.5 -218.0 13 1
793.5 -224.0 13 1
784.5 -230.0 13 1
775.5 -236.0 13 1
763.5 -242.0 14 1
754.5 -249.0 14 1
745.5 -256.0 14 1
736.5 -263.0 14 1
727.5 -270.0 14 1
715.5 -277.0 15 1
707.5 -285.0 15 1
699.5 -293.0 15 1
691.5 -301.0 15 1
683.5 -309.0 15 1
675.5 -319.0 16 1
669.5 -331.0 16 1
663.5 -343.0 16 1
657.5 -355.0 16 1
651.5 -367.0 16 1
642.5 -380.5 17 1
636.5 -393.5 17 1
630.5 -406.5 17 1
624.5 -419.5 17 1
618.5 -432.5 17 1
610.0 -447.5 18 1
605.0 -460.5 18 1
600.0 -473.5 18 1
595.0 -486.5 18 1
590.0 -499.5 18 1
581.5 -517.0 19 1
575.5 -536.0 19 1
569.5 -555.0 19 1
563.5 -574.0 19 1
557.5 -593.0 19 1