0.0 -0.0 8.04
0.05 2.43 8.07
7.41 2.44 8.11
7.32 -0.0 8.07
0.0 0.0 0.0
0.22 0.81 1.64
0.33 1.19 2.44
0.41 1.46 3.05
0.48 1.67 3.55
0.53 1.83 3.97
0.58 1.95 4.34
0.63 2.04 4.67
0.66 2.11 4.96
0.7 2.16 5.24
0.73 2.18 5.49
0.76 2.19 5.73
0.79 2.18 5.95
0.81 2.16 6.15
0.84 2.12 6.35
0.86 2.07 6.53
0.88 2.0 6.71
0.89 1.92 6.88
0.91 1.83 7.03
0.93 1.73 7.18
0.94 1.61 7.32
0.95 1.49 7.46
0.96 1.35 7.58
0.98 1.21 7.7
0.99 1.06 7.81
1.0 0.89 7.92
1.01 0.73 8.02
1.01 0.55 8.11
1.02 0.37 8.2
1.03 0.18 8.29
1.04 -0.01 8.36
