106.775108883 238.849115929
52.1082320799 116.562795347
38.8255858767 86.8503620282
31.3077716215 70.0334904991
26.3232698154 58.8834775214
22.7370957061 50.8614345142
20.0259827276 44.7968475062
17.9101044483 40.0637625981
16.2257045324 36.2958672993
14.8696001992 33.2623483033
13.7739779948 30.8115112343
12.8915914848 28.8376688283
12.188386191 27.2646433872
11.6384692805 26.0345142937
11.2209639334 25.1005814313
10.918242927 24.4234138265
10.7149700388 23.968705326
10.5973470203 23.7055901275
10.5519374963 23.6040119154
10.5672794949 23.6383309887
10.6321217411 23.7833789623
10.7364094253 24.0166638677
10.8712392089 24.3182695036
11.0284041562 24.6698374778
11.2006925594 25.0552356593
11.3823163323 25.4615164681
11.5678092883 25.8764523929
11.7533891789 26.2915827848
11.935311239 26.6985308429
12.1114327649 27.0925034757
