35 2.6 1.97932415046 8.59383869018e-05 0.0618011518617
35 2.6 2.19285395339 9.01169726501e-05 0.0727363453879
35 2.6 2.13691609149 8.79456521895e-05 0.0626217187468
35 2.6 2.0486249939 8.17937871835e-05 0.0606726911533
35 2.6 1.89901445008 8.57692534745e-05 0.0632178065828
35 2.6 1.97546979323 8.26618552502e-05 0.06499468615
35 2.6 2.02622403292 8.51567276639e-05 0.0589112319019
35 2.6 1.99566791445 8.40713600576e-05 0.0556317466059
35 2.6 2.03183872938 8.56571134487e-05 0.0603546228867
35 2.6 2.12673816971 8.70975468539e-05 0.0608945804601
35 2.6 1.76225224112 8.42913760334e-05 0.0534572911999
35 2.6 2.17722481965 8.5474345247e-05 0.066069445383
35 2.6 2.28483588835 8.39462947688e-05 0.0834129047268
35 2.6 1.75653558057 8.2395297256e-05 0.0715827730616
35 2.6 2.13682166219 8.32109247773e-05 0.0733701689216
35 2.6 2.12176725523 8.70020731129e-05 0.089001439648
35 2.6 2.09785015012 8.460090249e-05 0.0653070077504
35 2.6 1.92599020452 8.40644550936e-05 0.0583395919514
35 2.6 2.15118575476 8.67538256994e-05 0.0747070994891
35 2.6 2.22169197202 8.73859832171e-05 0.0768769533608
35 2.6 2.14030770341 8.90028799345e-05 0.0591029600682
35 2.6 1.86707610714 8.19778007435e-05 0.0540363584016
35 2.6 1.86941959206 8.53069386322e-05 0.0667553548716
35 2.6 2.19601461119 8.42790182831e-05 0.0853118616408
35 2.6 1.78515741031 8.316722337e-05 0.0569635864029
35 2.6 2.15864832754 8.39565138077e-05 0.0660315285569
35 2.6 2.16271969769 8.38306019072e-05 0.0802741049518
35 2.6 2.16030345168 8.2987708537e-05 0.069098240273
35 2.6 2.28582681482 8.6346625988e-05 0.07329224074
35 2.6 2.04195717133 8.06035507775e-05 0.0647832966452
35 2.6 2.00996178844 8.96239663113e-05 0.0590662668363
35 2.6 2.05837387324 8.60146519773e-05 0.0777982756995
35 2.6 2.361801368 8.1260542142e-05 0.0763293812918
35 2.6 2.34882781542 8.75542160463e-05 0.0711787509806
35 2.6 2.14886588545 8.58812458575e-05 0.0760807105474
35 2.6 2.15458248939 8.32299025944e-05 0.0672093654835
35 2.6 2.32905338377 8.38878855068e-05 0.0747555397593
35 2.6 1.98862162716 8.52961348463e-05 0.060435842364
35 2.6 2.00745105417 8.51379260894e-05 0.0630983836124
35 2.6 2.06236821601 8.78938782941e-05 0.0689116011406
35 2.6 1.891246738 9.04810286489e-05 0.0587256033071
35 2.6 2.23242010461 8.11164767733e-05 0.0853511339041
35 2.6 2.22000126648 8.68562132138e-05 0.0815719838192
35 2.6 2.17106987362 8.95515205263e-05 0.0716616810823
35 2.6 2.07538806876 8.47172908226e-05 0.0646706491423
35 2.6 2.22559473877 8.96762990816e-05 0.0774374719316
35 2.6 2.16010280436 8.60265335225e-05 0.0809517081635
35 2.6 2.171195129 8.15697615514e-05 0.0795256353288
35 2.6 1.88094669399 9.00205813357e-05 0.054549877849
35 2.6 1.99265571892 8.38454264824e-05 0.0553240533922
35 2.6 1.86335503284 8.48358710953e-05 0.0599611970823
35 2.6 1.9249359401 8.79940588693e-05 0.0683783743085
35 2.6 2.26909044376 8.82324992232e-05 0.0806618273613
35 2.6 1.9852980523 8.04650586875e-05 0.073062889818
35 2.6 2.10860477242 8.39362354924e-05 0.0669675708333
35 2.6 2.16382786568 8.33418031846e-05 0.0653654043838
35 2.6 2.05855969798 8.24835922108e-05 0.0606234520571
35 2.6 1.96670562594 8.72170351045e-05 0.0666526499863
35 2.6 1.81242448901 9.02700981797e-05 0.0667804337994
35 2.6 2.08405507866 8.32788974151e-05 0.0903040620544
35 2.6 1.97638303472 9.00886804293e-05 0.0593500498509
35 2.6 1.99160179451 8.41437094547e-05 0.0679195248289
35 2.6 2.14234558097 8.59731791189e-05 0.0834867792576
35 2.6 2.07700117117 8.54583556789e-05 0.0720889255811
35 2.6 2.2271257772 8.57738563599e-05 0.0626386814706
35 2.6 2.34611082549 8.05329052132e-05 0.0674809547829
35 2.6 2.09895937173 8.64112278514e-05 0.0575503702871
35 2.6 2.19252190088 8.52863497266e-05 0.0680409677713
35 2.6 1.86667235892 8.15531564353e-05 0.0543948929164
35 2.6 2.12643293503 8.87476491639e-05 0.0665771625822
35 2.6 2.13504124095 7.73147353099e-05 0.069591023704
35 2.6 2.0931118614 8.48839714602e-05 0.0638144322076
35 2.6 1.85164343924 8.28930812454e-05 0.054442082703
35 2.6 2.11759960946 8.59876821173e-05 0.0626520375599
35 2.6 2.16846959143 8.55933646506e-05 0.0707764718293
35 2.6 2.22881398716 8.80271332264e-05 0.0673988122247
35 2.6 2.0248836479 9.19776100117e-05 0.0629130271662
35 2.6 2.23089485144 8.55682887944e-05 0.0648459604407
35 2.6 2.09105247875 8.1890534413e-05 0.0808490427703
35 2.6 2.17234071979 7.96330075998e-05 0.0712157419344
35 2.6 2.23438006032 8.61575605585e-05 0.0734283122772
35 2.6 2.06482942284 8.4635084948e-05 0.0641870903097
35 2.6 2.05342967336 8.66997618352e-05 0.0716371360923
35 2.6 1.89083107174 8.90607480073e-05 0.052780805979
35 2.6 2.24947741386 8.48391935179e-05 0.0665076231272
35 2.6 1.9182807551 9.02581856364e-05 0.0723774371412
35 2.6 2.28111837988 8.23723068124e-05 0.0596481043369
35 2.6 1.84226146972 8.50648724153e-05 0.0703484848957
35 2.6 1.89214082702 9.40638253082e-05 0.0564738852511
35 2.6 1.88600197629 8.9973774476e-05 0.0707656563585
35 2.6 2.08832577304 7.94905809301e-05 0.0627887571573
35 2.6 2.16025482994 8.61318931384e-05 0.0620509470352
35 2.6 1.84919615735 8.88562260226e-05 0.0696014184502
35 2.6 2.24746431315 8.26844503583e-05 0.0729733330503
35 2.6 2.05807105328 8.38306885761e-05 0.0639628523996
35 2.6 2.15897622552 8.20808583568e-05 0.0587673767297
35 2.6 2.11321974445 8.51860299888e-05 0.064664378867
35 2.6 2.21199260848 9.16252813321e-05 0.07062223284
35 2.6 1.94099417447 8.83507631164e-05 0.0568266730772
35 2.6 2.20490741292 8.63887147624e-05 0.0796326601439
