16.8824301845 37.764920743
17.9486021688 40.1498795461
16.4678669141 36.8375691191
17.4390849643 39.010122021
18.1056983581 40.5012937131
19.5741590851 43.7861468037
17.5075474218 39.1632681768
18.753572207 41.950546237
17.7735064561 39.7582015921
18.8293404149 42.1200348908
18.4528132891 41.277767699
19.1023357485 42.7307080596
19.187883816 42.9220736363
19.472814104 43.5594445377
19.2650365417 43.0946593682
19.5265137302 43.6795671803
19.3154984026 43.2075393362
19.7404796623 44.1581953386
19.3722945897 43.3345887884
20.0781061533 44.9134442889
19.1279315053 42.7879641369
19.8029415787 44.2979186662
18.8851487172 42.2448745076
19.6262956531 43.9027729848
18.0410694195 40.356722895
20.07378612 44.9037806495
16.6391509553 37.2207206067
18.7606281024 41.9663298255
17.2392536329 38.5631120638
18.6005264811 41.6081926987
17.6359952593 39.4505978058
17.5079863186 39.1642499608
17.3329547489 38.7727154907
15.9867457306 35.7613316837
16.5885841716 37.1076059333
14.571199639 32.5948452613
17.7133348423 39.6236015257
16.1941314762 36.2252403841
15.0021447582 33.5588420373
15.6957382339 35.1103664537
13.4088588799 29.9947630359
14.0039156696 31.3258671633
14.7231959298 32.9348512801
14.3571662111 32.1160661191
13.2351344488 29.6061525516
13.3019639949 29.7556459886
12.5711439792 28.120848174
12.2086359806 27.3099408764
13.7435844284 30.7435227625
13.6715182077 30.5823152181
11.9426191176 26.7148781017
12.7282056106 28.4721850369
10.6641374217 23.8549960002
11.0293630668 24.6719824998
12.3149995453 27.5478693943
12.537873712 28.0464247058
11.0166738817 24.643597601
11.2209199366 25.1004830133
11.2035459743 25.0616185666
11.7478945216 26.2792915864
10.7553025851 24.0589266624
11.900711225 26.6211328161
10.0365622397 22.4511503008
10.6375226699 23.795460496
11.0396331666 24.6949560586
