35 0.6 0.463986157431 8.22898940309e-05 0.0179809399745
35 0.6 0.472766497587 8.56083680613e-05 0.0157303431582
35 0.6 0.414296961119 8.76768618708e-05 0.0123366625973
35 0.6 0.502355757884 8.76972952767e-05 0.0159903847954
35 0.6 0.538464096996 9.03672044936e-05 0.0165295899417
35 0.6 0.485330403072 7.92737669623e-05 0.01683868044
35 0.6 0.454707986388 8.6898935965e-05 0.0151801845509
35 0.6 0.411608768821 8.23667542648e-05 0.0121088732165
35 0.6 0.450919146927 8.06513239973e-05 0.0136839582432
35 0.6 0.461245960969 8.63251532742e-05 0.0152320324532
35 0.6 0.499780855955 8.67402182984e-05 0.0177749946958
35 0.6 0.482146858112 8.879242194e-05 0.0184153091397
35 0.6 0.478180588845 8.49275723328e-05 0.0150358784169
35 0.6 0.516686661962 8.76666869593e-05 0.0186269856048
35 0.6 0.489314389771 8.61895181827e-05 0.0161442946787
35 0.6 0.461560647018 8.39448338594e-05 0.0141375120581
35 0.6 0.482303303597 8.63831810327e-05 0.0160281664073
35 0.6 0.470790814621 8.10783686867e-05 0.0205081660965
35 0.6 0.436760825328 7.9460358539e-05 0.0174145196568
35 0.6 0.521442004492 8.336388597e-05 0.0155907480799
35 0.6 0.487121744241 8.92253490748e-05 0.0150935668582
35 0.6 0.537764414769 8.77750556203e-05 0.0153744009963
35 0.6 0.488748232207 8.63019548678e-05 0.0169381275262
35 0.6 0.484923879063 8.85000362448e-05 0.0203514427402
35 0.6 0.529861528806 8.52158376123e-05 0.0160217057396
35 0.6 0.549787827469 8.68345333646e-05 0.0178544659284
35 0.6 0.468596296293 8.56241215521e-05 0.0131881647379
35 0.6 0.500447473704 8.30893491716e-05 0.0156610715753
35 0.6 0.522758214934 8.38063107192e-05 0.0164964300712
35 0.6 0.487725190812 8.49485322579e-05 0.0156775630399
35 0.6 0.466450307368 8.22787646874e-05 0.0177033553844
35 0.6 0.457239871591 8.01325661636e-05 0.0137875582921
35 0.6 0.393342441165 8.5953434733e-05 0.0119645052419
35 0.6 0.53971273449 8.32607686298e-05 0.0205736144178
35 0.6 0.445318680083 8.40016283556e-05 0.0125561999066
35 0.6 0.441365956362 8.63626696834e-05 0.0144316117869
35 0.6 0.506790977084 8.61914542203e-05 0.0146040388699
35 0.6 0.467003699761 8.77300059826e-05 0.0156507291275
35 0.6 0.554587827808 8.57699574301e-05 0.0163983931512
35 0.6 0.515451027358 8.41023211422e-05 0.0173362732481
35 0.6 0.473992115201 8.95601868637e-05 0.0134733350169
35 0.6 0.50423456079 8.80515150831e-05 0.0150272621981
35 0.6 0.484096750264 8.31034130117e-05 0.013929259045
35 0.6 0.488217892737 8.3067339926e-05 0.0147081380813
35 0.6 0.506220547144 9.01153280065e-05 0.0225626177616
35 0.6 0.46957784069 8.42112941672e-05 0.0134970810671
35 0.6 0.507017817691 8.22682155857e-05 0.0206127020861
35 0.6 0.444987699669 8.68581969306e-05 0.0138823200744
35 0.6 0.475707424005 8.36773619542e-05 0.0146327268361
35 0.6 0.452031561356 8.3118084973e-05 0.0130237996029
35 0.6 0.427060034527 7.97717782349e-05 0.0186397931573
35 0.6 0.516967604447 7.95968436621e-05 0.0148475700439
35 0.6 0.49142154851 8.72680537404e-05 0.0181998873022
35 0.6 0.462144323063 9.1105973026e-05 0.0165819816098
35 0.6 0.515802543474 9.09683970589e-05 0.0158008996438
35 0.6 0.509693826922 8.47526216246e-05 0.0175217216178
35 0.6 0.526588624619 8.65060953318e-05 0.0214341134581
35 0.6 0.494462729152 8.41646534244e-05 0.0137106796096
35 0.6 0.506630713483 8.2060496908e-05 0.0172199335289
35 0.6 0.454700570764 9.03381103801e-05 0.0137344996118
35 0.6 0.474444066527 8.79792318806e-05 0.0181359952756
35 0.6 0.565689663162 8.64260356678e-05 0.0191718423672
35 0.6 0.492670194828 8.57652684933e-05 0.0133665733374
35 0.6 0.548128041871 8.99284509298e-05 0.016360426753
35 0.6 0.438465122442 8.00621868215e-05 0.0122040685316
35 0.6 0.460612243912 8.49916163113e-05 0.013917803525
35 0.6 0.417182117449 8.50603775834e-05 0.0140205447938
35 0.6 0.524842244622 8.51907538243e-05 0.0164642938437
35 0.6 0.495183710666 8.7558578752e-05 0.0159195446892
35 0.6 0.506503537598 8.91157589396e-05 0.0144743977961
35 0.6 0.567779001947 8.61768113207e-05 0.0187469601619
35 0.6 0.533748584091 8.64848485291e-05 0.0161800027406
35 0.6 0.463191898586 8.72377037297e-05 0.0134489861901
35 0.6 0.446197019283 8.45097353288e-05 0.013290275694
35 0.6 0.39823399321 9.15191896669e-05 0.01287002295
35 0.6 0.508666033124 8.46014556451e-05 0.0146466663017
35 0.6 0.508616087714 8.89179447621e-05 0.0181072271554
35 0.6 0.473193883661 8.20351239817e-05 0.0133220243772
35 0.6 0.436797758615 8.45678225081e-05 0.0137637351206
35 0.6 0.429100464995 8.25365540637e-05 0.0139616722957
35 0.6 0.473592428199 8.73152599045e-05 0.0146187690781
35 0.6 0.511268817384 8.28713999781e-05 0.0188800679494
35 0.6 0.491150054476 8.78129568806e-05 0.016144517775
35 0.6 0.530384939757 8.91415047687e-05 0.0170988821043
35 0.6 0.430635256036 8.4222980133e-05 0.0134283865262
35 0.6 0.428853610154 8.93059509038e-05 0.0139425570537
35 0.6 0.434913661353 8.15178411945e-05 0.0136559902312
35 0.6 0.449638239139 8.59742917322e-05 0.0127691837996
35 0.6 0.502633872082 9.13215324872e-05 0.0196921649938
35 0.6 0.455110746089 8.18241129529e-05 0.0133425179694
35 0.6 0.431746444903 8.28417777495e-05 0.0132170643665
35 0.6 0.503436596584 8.46659449199e-05 0.0175154319717
35 0.6 0.494868961545 8.65238210511e-05 0.0149672509409
35 0.6 0.494705008317 8.27754801784e-05 0.0146320866665
35 0.6 0.478348211414 8.606789616e-05 0.0139411947374
35 0.6 0.511635034742 8.21393544301e-05 0.0138366356848
35 0.6 0.531021040413 8.54087580279e-05 0.0175137023187
35 0.6 0.465404619897 9.27864365871e-05 0.0143882811183
35 0.6 0.489031006218 8.44193288008e-05 0.0139657668837
35 0.6 0.442451412234 8.53883345122e-05 0.0161649177301
