35 1.0 0.812805027073 17.4549317753 0.29714942804
35 1.0 0.758598679256 17.4659174754 0.314069155178
35 1.0 0.725270682814 17.4597136061 0.30098650449
35 1.0 0.834237785798 17.4554439294 0.3093365669
35 1.0 0.760147144698 17.4546368871 0.319131455637
35 1.0 0.866917771565 17.4595946233 0.291463659586
35 1.0 0.749519122384 17.458342775 0.292050516167
35 1.0 0.823738070345 17.4479715907 0.299231307656
35 1.0 0.832676364152 17.4558829161 0.310882394453
35 1.0 0.785914803152 17.4568586498 0.291349076245
35 1.0 0.860577266881 17.4555821943 0.301177942295
35 1.0 0.788873993915 17.4600177942 0.29910738785
35 1.0 0.866237415147 17.4543947372 0.297130350196
35 1.0 0.800773458506 17.4667350963 0.301960322474
35 1.0 0.836095123634 17.4633997342 0.296134836574
35 1.0 0.78914608443 17.4630881435 0.307687640048
35 1.0 0.80494454188 17.4608470421 0.314115241569
35 1.0 0.865573542285 17.4446952381 0.317627269709
35 1.0 0.693382412202 17.4521762003 0.295010087827
35 1.0 0.853180144981 17.4625412907 0.299303734076
35 1.0 0.911874372611 17.4512782432 0.29486395056
35 1.0 0.791175173508 17.467960556 0.305827601545
35 1.0 0.838429664538 17.460707683 0.282019186268
35 1.0 0.918701857368 17.4588588575 0.294334350871
35 1.0 0.825381489397 17.449163655 0.286595256996
35 1.0 0.829732644544 17.4428565029 0.30239109576
35 1.0 0.764716554393 17.4667101751 0.303810702649
35 1.0 0.805613609022 17.4685611781 0.306646187156
35 1.0 0.723987866905 17.4560236462 0.300231443559
35 1.0 0.789805212701 17.4598947943 0.308120652886
35 1.0 0.784989477203 17.4500979611 0.290643256544
35 1.0 0.781011245998 17.4635627835 0.301082578401
35 1.0 0.737117409951 17.4559790521 0.280983231833
35 1.0 0.884152700154 17.4703269338 0.315564745807
35 1.0 0.756367553178 17.4611891681 0.299797834433
35 1.0 0.77995829156 17.4497243032 0.302265878469
35 1.0 0.829363597377 17.4454847327 0.28680398037
35 1.0 0.782865800716 17.4724663821 0.300684531237
35 1.0 0.729348126652 17.4577038839 0.291441747593
35 1.0 0.709111532186 17.4648486623 0.301577662965
35 1.0 0.781578272117 17.4580368989 0.298827455262
35 1.0 0.809156504532 17.4594068319 0.294657869521
35 1.0 0.815632073939 17.4595962025 0.301933560428
35 1.0 0.783411855444 17.461596164 0.325123272498
35 1.0 0.774000945439 17.4702131556 0.303585785017
35 1.0 0.67964030896 17.4537103195 0.283918198992
35 1.0 0.802523507768 17.4685680455 0.300950782273
35 1.0 0.724821916186 17.4553801512 0.300408403545
35 1.0 0.796359481304 17.4595867441 0.294435993597
35 1.0 0.879595460159 17.4571023065 0.288408626716
35 1.0 0.875909849515 17.4565514834 0.296551177333
35 1.0 0.781475171479 17.4567344311 0.278300100972
35 1.0 0.868317461688 17.463029335 0.305237418466
35 1.0 0.802446349818 17.4562915014 0.303756224737
35 1.0 0.751318880328 17.456299003 0.315525740893
35 1.0 0.788909952793 17.4577227043 0.284146501394
35 1.0 0.774700889961 17.4573093052 0.309334372742
35 1.0 0.743755619217 17.4698424956 0.294405437438
35 1.0 0.879333738811 17.4453786055 0.279932269592
35 1.0 0.752114969329 17.4708082087 0.316888397254
35 1.0 0.768143912881 17.4690504507 0.314255272176
35 1.0 0.71828868107 17.4632475761 0.297632710793
35 1.0 0.786342688113 17.4621764213 0.292540711975
35 1.0 0.777759853114 17.4517254512 0.316344507434
35 1.0 0.846166698997 17.453883997 0.300138029207
35 1.0 0.859879029515 17.465226745 0.295371677741
35 1.0 0.79240726127 17.4618769096 0.309300874876
35 1.0 0.835106594108 17.4733946871 0.291432421911
35 1.0 0.836567216113 17.4702173411 0.289452813407
35 1.0 0.847094991183 17.4405009517 0.294477110222
35 1.0 0.761454233227 17.4680109931 0.304395514125
35 1.0 0.703721103583 17.4507219968 0.288781756068
35 1.0 0.747356579799 17.4634090079 0.30899709432
35 1.0 0.687867534593 17.4498219011 0.297611898108
35 1.0 0.832685455395 17.4628046358 0.308161273035
35 1.0 0.803737401319 17.4574501966 0.297341349082
35 1.0 0.767325601201 17.4640323159 0.30969746007
35 1.0 0.74677329412 17.4627793945 0.282639390913
35 1.0 0.765718273427 17.446760178 0.295677876363
35 1.0 0.799447117278 17.4642326802 0.321261816588
35 1.0 0.787922870549 17.4537522458 0.310978319268
35 1.0 0.785290231735 17.4564079136 0.296734715984
35 1.0 0.861978371378 17.4615770948 0.286212616844
35 1.0 0.796977575475 17.4681779067 0.299851262877
35 1.0 0.803966580062 17.4630079861 0.308257236099
35 1.0 0.795509951497 17.4535661696 0.309330215813
35 1.0 0.877901900322 17.4642076369 0.308480309768
35 1.0 0.821172929993 17.4602085297 0.311498542126
35 1.0 0.729850425504 17.4564263734 0.306457768936
35 1.0 0.86138748706 17.4621104075 0.290045367608
35 1.0 0.85481416531 17.445635081 0.268058123627
35 1.0 0.794052578888 17.4675957097 0.31389992982
35 1.0 0.838648754316 17.4320360907 0.286338037298
35 1.0 0.740351921892 17.4470093108 0.304629962876
35 1.0 0.753268896408 17.4578615049 0.296299188872
35 1.0 0.82771421478 17.4604997355 0.31594037195
35 1.0 0.773797359545 17.4570793261 0.317745760841
35 1.0 0.802972939228 17.4605323447 0.305790684541
35 1.0 0.824875642867 17.4653698077 0.293733904235
35 1.0 0.843246213898 17.4617939022 0.294346049334
