1259.0 -360.5 18 1
1269.5 -299.0 18 2
1250.5 -359.0 19 3
1266.0 -298.5 19 4
1238.0 -357.0 20 5
1260.5 -301.0 20 6
1259.0 -306.5 21 7
1255.5 -310.0 22 8
1238.0 -346.0 28 9
1229.5 -363.0 32 10
1220.5 -351.5 33 11
1219.5 -346.5 34 12
1146.5 -313.5 34 13
1111.0 -353.0 35 14
1137.5 -313.5 35 15
1141.0 -442.0 36 16
1016.5 -392.5 36 17
1100.0 -356.0 36 18
1128.5 -313.5 36 19
957.5 -380.5 37 20
1123.5 -313.0 37 21
909.0 -360.0 38 22
1113.5 -304.5 38 23
1071.5 -368.0 39 24
859.5 -342.5 39 25
1116.0 -307.0 39 26
1154.5 -342.5 40 27
817.5 -331.0 40 28
1113.0 -313.0 40 29
779.5 -321.5 41 30
1108.5 -315.5 41 31
1102.0 -439.5 42 32
743.5 -311.0 42 33
1105.5 -314.5 42 34
1094.5 -391.0 43 35
1097.0 -302.5 43 36
708.5 -304.0 43 37
1098.0 -389.0 44 38
1093.0 -304.5 44 39
678.5 -296.0 44 40
1095.5 -298.5 45 41
649.5 -292.0 45 42
1095.0 -296.5 46 43
621.5 -285.0 46 44
1095.5 -439.0 47 45
1095.5 -389.5 47 46
1065.0 -370.0 47 47
596.0 -281.5 47 48
1095.0 -441.5 48 49
1091.5 -292.5 48 50
572.5 -277.0 48 51
1098.5 -442.5 49 52
1097.5 -389.5 49 53
1077.0 -358.0 49 54
551.0 -273.0 49 55
1103.5 -444.0 50 56
1089.5 -295.0 50 57
531.0 -271.5 50 58
1105.5 -443.0 51 59
511.5 -271.0 51 60
1113.5 -450.0 52 61
491.5 -271.0 52 62
475.0 -270.5 53 63
460.0 -270.0 54 64
444.0 -268.5 55 65
1099.5 -282.0 56 66
430.0 -268.0 56 67
417.0 -269.0 57 68
1067.5 -445.0 58 69
404.5 -270.5 58 70
393.0 -271.5 59 71
1079.5 -442.5 60 72
1108.5 -378.5 60 73
1132.0 -332.0 60 74
381.5 -274.0 60 75
1120.0 -384.0 61 76
1106.0 -289.5 61 77
370.5 -275.0 61 78
1124.5 -383.5 62 79
360.5 -277.5 62 80
1093.0 -443.0 63 81
1125.0 -377.5 63 82
351.5 -280.5 63 83
1101.5 -440.5 64 84
1095.5 -375.5 64 85
341.5 -283.0 64 86
1102.5 -439.0 65 87
333.0 -286.5 65 88
1112.0 -432.5 66 89
325.5 -289.5 66 90
1099.0 -375.5 67 91
317.0 -292.5 67 92
310.0 -296.5 68 93
1132.0 -438.0 69 94
303.0 -302.0 69 95
303.5 -291.0 70 96
1141.5 -439.5 71 97
303.5 -279.5 71 98
1121.5 -276.5 71 99
1145.5 -442.5 72 100
1123.5 -277.5 72 101
304.5 -267.0 72 102
1150.5 -448.5 73 103
305.5 -254.0 73 104
1152.0 -449.0 74 105
305.5 -242.5 74 106
1154.0 -448.0 75 107
308.0 -232.0 75 108
1161.0 -444.5 76 109
1125.5 -374.5 76 110
308.5 -221.0 76 111
1121.5 -280.0 77 112
309.0 -211.0 77 113
1127.5 -375.0 78 114
309.5 -201.5 78 115
310.5 -191.5 79 116
311.5 -183.5 80 117
1133.0 -376.0 81 118
1109.5 -341.0 81 119
312.5 -175.0 81 120
1137.0 -376.5 82 121
1109.0 -332.0 82 122
1135.0 -286.0 82 123
312.5 -167.0 82 124
1139.0 -376.5 83 125
1139.0 -279.0 83 126
313.5 -160.0 83 127
1141.0 -377.5 84 128
314.5 -152.5 84 129
1144.5 -376.5 85 130
315.5 -146.0 85 131
1147.0 -376.5 86 132
1139.5 -279.0 86 133
315.5 -139.5 86 134
1149.5 -377.0 87 135
1122.0 -299.0 87 136
1140.0 -278.5 87 137
316.5 -134.0 87 138
1151.5 -379.0 88 139
1127.0 -293.0 88 140
317.5 -128.5 88 141
1154.0 -374.5 89 142
318.0 -123.0 89 143
1154.5 -374.5 90 144
319.0 -118.5 90 145
1129.5 -451.5 91 146
1157.5 -376.0 91 147
319.5 -114.5 91 148
1133.0 -450.5 92 149
320.5 -110.5 92 150
1138.5 -448.0 93 151
321.5 -107.5 93 152
1146.0 -451.5 94 153
321.5 -104.5 94 154
1153.5 -451.5 95 155
1162.5 -368.5 95 156
1160.5 -446.0 96 157
1169.0 -447.0 97 158
325.0 -98.5 97 159
1177.5 -446.5 98 160
1189.0 -446.5 99 161
1193.0 -444.5 100 162
1197.5 -435.0 101 163
1176.0 -371.5 101 164
1209.5 -450.0 102 165
1213.0 -448.0 103 166
1216.0 -456.0 104 167
1179.5 -373.0 104 168
1217.0 -458.5 105 169
1177.5 -261.0 105 170
1219.5 -458.0 106 171
330.5 -98.5 106 172
1219.5 -459.5 107 173
1156.5 -452.0 107 174
1196.5 -256.5 107 175
1161.5 -450.5 108 176
1200.0 -373.0 108 177
332.0 -102.0 108 178
1162.5 -449.0 109 179
1201.5 -372.0 109 180
332.5 -103.5 109 181
1167.5 -447.5 110 182
1204.5 -372.0 110 183
1174.5 -261.5 110 184
1177.0 -449.5 111 185
1209.5 -372.0 111 186
1187.5 -267.0 111 187
333.0 -109.5 111 188
1185.0 -446.0 112 189
1210.5 -372.0 112 190
1193.0 -269.5 112 191
334.0 -114.0 112 192
1194.5 -442.5 113 193
334.5 -116.5 113 194
1205.0 -444.5 114 195
1192.0 -272.0 114 196
335.0 -121.5 114 197
1195.5 -273.0 115 198
336.0 -125.5 115 199
1233.5 -448.5 116 200
1218.0 -370.5 116 201
336.5 -130.5 116 202
1241.0 -444.5 117 203
1218.0 -327.0 117 204
1202.0 -266.5 117 205
337.0 -135.5 117 206
1248.0 -443.5 118 207
338.0 -140.5 118 208
1255.0 -444.0 119 209
1194.0 -261.5 119 210
338.5 -146.5 119 211
1257.5 -444.0 120 212
1233.5 -291.5 120 213
1202.5 -265.5 120 214
339.0 -152.0 120 215
1237.0 -373.5 121 216
340.0 -158.0 121 217
340.5 -164.5 122 218
1221.0 -274.0 123 219
341.5 -171.5 123 220
1223.0 -275.5 124 221
342.0 -178.0 124 222
1202.5 -458.5 125 223
1219.0 -279.0 125 224
343.0 -185.5 125 225
1210.0 -457.5 126 226
1220.0 -282.0 126 227
343.0 -193.0 126 228
1233.5 -455.5 127 229
1261.5 -376.0 127 230
343.5 -200.5 127 231
1235.0 -455.0 128 232
344.5 -208.0 128 233
1244.5 -453.0 129 234
346.0 -217.0 129 235
1257.5 -456.0 130 236
1264.0 -271.5 130 237
346.0 -225.0 130 238
1264.0 -456.0 131 239
346.5 -232.5 131 240
1261.0 -272.0 132 241
347.5 -242.5 132 242
348.0 -251.5 133 243
349.0 -261.0 134 244
350.0 -271.5 135 245
350.0 -281.5 136 246
351.0 -291.5 137 247
352.0 -301.5 138 248
352.0 -313.0 139 249
353.0 -324.0 140 250
354.0 -335.0 141 251
355.0 -347.0 142 252
357.0 -375.0 145 253
1243.0 -322.0 145 254
358.5 -349.5 149 255
359.5 -343.0 150 256
359.5 -336.5 151 257
1259.5 -324.0 151 258
360.0 -331.0 152 259
1258.0 -324.5 152 260
360.5 -325.5 153 261
1259.0 -326.5 153 262
1258.5 -333.0 154 263
361.0 -320.5 154 264
1260.5 -335.5 155 265
361.5 -315.5 155 266
1261.0 -342.5 156 267
361.0 -311.0 156 268
1263.5 -347.5 157 269
1267.5 -350.0 158 270
1270.5 -347.5 159 271
363.5 -294.5 161 272
370.0 -296.5 178 273
370.5 -299.0 179 274
371.0 -309.5 182 275
371.5 -313.5 183 276
372.0 -317.5 184 277
373.0 -327.0 186 278
373.5 -331.5 187 279
373.5 -337.5 188 280
