14.0 -526.0 3 1
78.5 -481.5 7 2
85.0 -525.0 9 3
77.0 -526.0 10 4
127.5 -471.0 11 5
284.0 -490.5 19 6
206.0 -385.5 19 7
285.5 -491.5 21 8
283.5 -486.0 22 9
417.5 -446.5 22 10
285.0 -485.0 23 11
466.0 -416.5 23 12
287.0 -483.5 24 13
511.5 -394.5 24 14
286.0 -476.5 25 15
550.0 -375.5 25 16
287.5 -474.5 26 17
586.5 -358.5 26 18
618.0 -347.5 27 19
647.0 -337.5 28 20
331.5 -472.5 29 21
673.5 -329.5 29 22
697.5 -322.5 30 23
275.0 -385.5 31 24
720.0 -317.0 31 25
740.5 -312.5 32 26
759.5 -308.0 33 27
321.5 -473.0 34 28
777.0 -305.0 34 29
318.0 -475.5 35 30
793.5 -303.0 35 31
314.0 -466.5 36 32
808.5 -301.5 36 33
823.0 -300.5 37 34
312.0 -455.0 38 35
836.5 -300.0 38 36
327.0 -355.0 39 37
849.5 -300.5 39 38
329.0 -353.5 40 39
862.0 -303.0 40 40
873.5 -304.0 41 41
324.0 -383.0 42 42
327.0 -346.5 42 43
884.5 -306.0 42 44
895.0 -309.5 43 45
906.0 -312.5 44 46
295.5 -297.5 44 47
915.5 -316.0 45 48
292.5 -303.5 45 49
227.0 -376.5 46 50
256.5 -341.0 46 51
924.5 -320.0 46 52
934.0 -324.0 47 53
261.0 -470.5 48 54
225.5 -388.5 48 55
943.0 -327.5 48 56
261.0 -463.5 49 57
951.5 -332.0 49 58
253.0 -479.5 50 59
323.5 -467.5 50 60
270.5 -447.0 50 61
295.5 -405.5 50 62
230.0 -388.5 50 63
959.5 -336.5 50 64
251.5 -337.5 50 65
252.5 -480.0 51 66
324.5 -467.0 51 67
966.5 -340.5 51 68
253.5 -480.5 52 69
240.5 -397.0 52 70
970.0 -341.0 52 71
932.5 -380.5 53 72
971.0 -343.0 53 73
973.5 -346.5 54 74
319.5 -470.5 55 75
975.0 -349.5 55 76
316.5 -472.0 56 77
976.0 -352.0 56 78
311.0 -469.0 57 79
978.0 -354.5 57 80
305.0 -473.0 58 81
979.5 -358.0 58 82
299.0 -472.5 59 83
980.5 -363.5 59 84
291.5 -473.0 60 85
981.0 -368.0 60 86
284.5 -480.5 61 87
981.0 -373.0 61 88
231.5 -354.5 61 89
980.5 -378.5 62 90
229.0 -354.5 62 91
915.5 -295.5 62 92
246.0 -293.0 62 93
980.5 -375.5 63 94
241.5 -300.5 63 95
981.0 -373.5 64 96
913.5 -295.5 64 97
240.0 -301.5 64 98
981.0 -369.0 65 99
237.5 -302.0 65 100
980.0 -367.5 66 101
226.5 -315.5 67 102
936.0 -294.5 67 103
238.5 -289.0 67 104
222.5 -478.0 68 105
977.0 -365.5 68 106
237.0 -291.5 68 107
218.0 -478.0 69 108
209.0 -484.5 70 109
238.0 -298.0 70 110
204.5 -484.5 71 111
235.0 -459.0 71 112
211.0 -476.5 72 113
204.5 -482.0 73 114
200.0 -488.0 74 115
971.5 -369.5 74 116
203.0 -348.0 74 117
225.5 -286.5 74 118
200.5 -483.5 75 119
972.5 -372.0 75 120
942.5 -294.5 75 121
979.0 -293.5 75 122
231.0 -288.0 75 123
971.5 -374.5 76 124
201.0 -481.0 77 125
963.5 -378.5 77 126
226.0 -288.5 77 127
197.0 -493.5 78 128
969.5 -382.0 78 129
197.0 -491.5 79 130
968.5 -383.0 79 131
230.0 -286.0 79 132
248.0 -483.0 80 133
239.5 -401.5 80 134
972.5 -381.5 80 135
245.0 -355.5 80 136
249.0 -483.0 81 137
188.5 -392.5 81 138
968.0 -379.0 81 139
244.0 -389.5 82 140
189.0 -391.5 82 141
189.5 -383.5 83 142
245.0 -352.5 85 143
966.0 -375.5 87 144
248.0 -482.0 88 145
965.5 -375.5 88 146
251.0 -481.0 89 147
965.0 -377.0 89 148
209.0 -335.5 89 149
241.5 -303.0 89 150
964.5 -380.0 90 151
249.0 -484.0 91 152
964.5 -382.0 91 153
194.5 -495.0 92 154
256.5 -487.5 92 155
964.0 -382.5 92 156
196.5 -489.0 93 157
963.5 -383.5 93 158
199.0 -489.0 94 159
964.0 -382.0 94 160
249.0 -307.0 94 161
200.0 -488.0 95 162
222.0 -452.5 95 163
201.0 -485.5 96 164
253.5 -309.0 96 165
202.5 -485.0 97 166
203.5 -484.0 98 167
961.0 -380.5 98 168
961.0 -379.5 99 169
214.5 -479.0 100 170
961.0 -380.0 100 171
960.5 -382.0 101 172
258.0 -311.5 101 173
960.5 -383.5 102 174
260.0 -310.5 102 175
285.0 -345.0 103 176
261.0 -311.5 103 177
960.0 -380.0 105 178
957.5 -381.5 106 179
273.0 -310.5 106 180
276.5 -311.0 107 181
957.0 -382.5 108 182
248.5 -481.0 109 183
285.0 -475.5 109 184
248.5 -484.0 110 185
289.0 -470.0 110 186
956.0 -384.0 110 187
251.0 -482.5 111 188
297.0 -471.5 111 189
299.0 -471.5 112 190
307.0 -473.0 113 191
954.5 -382.0 114 192
298.0 -470.5 115 193
955.0 -382.5 115 194
954.0 -384.0 116 195
279.5 -386.5 117 196
953.5 -384.0 117 197
325.0 -320.5 118 198
