35 0.8 0.595420395131 8.49971126906e-05 0.019037886621
35 0.8 0.665684018011 8.43767935675e-05 0.0268365803215
35 0.8 0.651162831732 8.97771722073e-05 0.0212127944618
35 0.8 0.680540083331 8.80704843342e-05 0.0224190753747
35 0.8 0.639707973874 8.35858980333e-05 0.0186381905222
35 0.8 0.586331028182 7.98527913218e-05 0.018365434204
35 0.8 0.639336291582 8.87960819088e-05 0.0193797422918
35 0.8 0.711013013406 8.95866663513e-05 0.0230561544802
35 0.8 0.579894650233 8.90677343931e-05 0.0178422811052
35 0.8 0.651256769265 8.8525269532e-05 0.0215485937621
35 0.8 0.637747667227 8.1842702845e-05 0.0190629178464
35 0.8 0.641893905907 8.31074923159e-05 0.0181025119522
35 0.8 0.610453445324 8.28848008775e-05 0.0175349267741
35 0.8 0.648471518469 8.31546147317e-05 0.0228115806839
35 0.8 0.589920932274 8.11786185305e-05 0.0187187738424
35 0.8 0.637220095385 8.68339045492e-05 0.0214032846464
35 0.8 0.6671571169 8.20320844834e-05 0.0209507393557
35 0.8 0.685258081352 8.23729523466e-05 0.019672174787
35 0.8 0.616532773449 8.85639269101e-05 0.0194020631793
35 0.8 0.633435904269 8.4408855404e-05 0.019693317892
35 0.8 0.655524190337 8.97622883999e-05 0.0196049927079
35 0.8 0.598219267218 8.61355905541e-05 0.0183789357396
35 0.8 0.676135254568 9.09244309889e-05 0.0190312430318
35 0.8 0.697463891981 8.88118243635e-05 0.0257000546245
35 0.8 0.723946954366 8.63227982982e-05 0.0234225136036
35 0.8 0.70692609275 8.40473903771e-05 0.0256231918567
35 0.8 0.651165283646 8.77997444694e-05 0.0214633676537
35 0.8 0.705843165925 8.52107499014e-05 0.0231837193526
35 0.8 0.691291150181 8.5678886467e-05 0.025260971489
35 0.8 0.578194073725 8.69613554078e-05 0.0199367296865
35 0.8 0.619389260302 8.86385418643e-05 0.0176710385253
35 0.8 0.660504557458 8.17227989291e-05 0.0230040641396
35 0.8 0.593856697153 8.68647634946e-05 0.018533958267
35 0.8 0.653250402173 8.46858579559e-05 0.0218629211006
35 0.8 0.605181818499 8.47264888974e-05 0.0188837034202
35 0.8 0.610594403589 8.95162408225e-05 0.019546691381
35 0.8 0.58905602963 8.34895513514e-05 0.0183884275425
35 0.8 0.574890398597 8.25761848587e-05 0.0162247698064
35 0.8 0.665316528647 8.46797818196e-05 0.0260602818296
35 0.8 0.65974639735 8.61811349654e-05 0.0197518803807
35 0.8 0.622824683765 8.29862582337e-05 0.0212058219029
35 0.8 0.589752088799 8.38000344932e-05 0.0204476903771
35 0.8 0.594126934407 8.86385243153e-05 0.0263287344129
35 0.8 0.614380175553 8.4294497555e-05 0.0228956248535
35 0.8 0.63003486866 9.13574830025e-05 0.0238245768063
35 0.8 0.672064539014 8.74809930322e-05 0.0198378022573
35 0.8 0.664587385471 8.60320854033e-05 0.0222786045636
35 0.8 0.670518811164 8.49372983019e-05 0.0217485293625
35 0.8 0.593467371578 8.94114727836e-05 0.0181921341599
35 0.8 0.593375615494 8.259125745e-05 0.0179079275557
35 0.8 0.61074562387 8.5495816044e-05 0.0187968667004
35 0.8 0.660288532918 9.1005612887e-05 0.0234094792933
35 0.8 0.696825061425 8.39502295142e-05 0.0239382386079
35 0.8 0.649133893803 8.63454157073e-05 0.0197137023818
35 0.8 0.674206789874 9.07925164339e-05 0.0224233120604
35 0.8 0.654864618002 8.78980329723e-05 0.0208972198318
35 0.8 0.642825914699 8.15019243977e-05 0.0184645407897
35 0.8 0.611589277284 8.68550907147e-05 0.0180337287388
35 0.8 0.59153401585 8.54059413683e-05 0.0198598038296
35 0.8 0.603739848362 9.02569857038e-05 0.0219242454565
35 0.8 0.599774984051 9.14605867004e-05 0.0160041982479
35 0.8 0.611447203793 8.32540598618e-05 0.0177672411303
35 0.8 0.571009814627 8.74962677298e-05 0.0169820551885
35 0.8 0.642999081004 8.25269249713e-05 0.0221034239487
35 0.8 0.606459096733 8.86839618842e-05 0.017001498206
35 0.8 0.628947480981 8.66948150744e-05 0.0184251921158
35 0.8 0.642848389368 8.64341242628e-05 0.0196773533851
35 0.8 0.647154620201 8.51059272763e-05 0.0225557997691
35 0.8 0.578509455485 8.91256388833e-05 0.0196242875189
35 0.8 0.60076370305 8.38168277242e-05 0.0226277584642
35 0.8 0.685648270535 8.40690065284e-05 0.0189845790019
35 0.8 0.589732984192 8.23411126992e-05 0.0182551858915
35 0.8 0.650266230111 8.33144353543e-05 0.0209379099311
35 0.8 0.690007210495 8.77177631261e-05 0.0193815271023
35 0.8 0.590784509448 8.43224796418e-05 0.0178243508359
35 0.8 0.69081140111 8.13159546975e-05 0.0218117568101
35 0.8 0.616036694358 9.03829010444e-05 0.0192934843853
35 0.8 0.617964757696 8.27490673438e-05 0.0198141514704
35 0.8 0.653161441189 8.64087005282e-05 0.0189605419301
35 0.8 0.619127383204 8.9745826713e-05 0.0200310493512
35 0.8 0.644367647206 8.69766014365e-05 0.0198393430972
35 0.8 0.629605682829 8.35164276536e-05 0.0219389240079
35 0.8 0.625290858694 9.0096633976e-05 0.0196277885939
35 0.8 0.633663114779 8.51121074834e-05 0.021399282078
35 0.8 0.622075560579 7.91035039603e-05 0.0201616803675
35 0.8 0.670741256379 8.35355762991e-05 0.031333344869
35 0.8 0.5952463325 9.07046456715e-05 0.0206833951294
35 0.8 0.659281309926 8.91308493033e-05 0.0188561464013
35 0.8 0.636363052405 8.92289734559e-05 0.019874324893
35 0.8 0.646563453307 8.08288583255e-05 0.0320250823325
35 0.8 0.614659175774 8.77353380959e-05 0.019142333406
35 0.8 0.592847980279 8.3823502705e-05 0.0197432230235
35 0.8 0.667579701929 8.28316531992e-05 0.0218988753331
35 0.8 0.6343655642 9.04458670999e-05 0.0253961743773
35 0.8 0.590161602427 8.99853551375e-05 0.0176556935504
35 0.8 0.691206440406 8.76937272549e-05 0.0213340769952
35 0.8 0.618983019828 8.37172498743e-05 0.018954546793
35 0.8 0.612571784154 8.62182513526e-05 0.020467625383
35 0.8 0.683891631253 8.31869699456e-05 0.0188255059098
35 0.8 0.655275563335 8.57297262041e-05 0.020039132558
