1267.5 -364.5 32 1
1261.0 -351.5 33 2
1259.5 -340.5 34 3
1270.0 -301.5 35 4
1203.5 -312.0 42 5
1248.5 -357.5 43 6
1239.0 -348.5 44 7
1238.5 -349.5 45 8
986.0 -390.0 47 9
922.0 -374.5 48 10
1099.5 -359.0 48 11
1129.5 -342.5 48 12
867.0 -361.0 49 13
1111.0 -351.0 49 14
1059.0 -435.0 51 15
771.5 -339.0 51 16
1163.5 -340.0 51 17
1123.5 -311.5 51 18
1094.5 -355.0 52 19
730.0 -332.0 52 20
1120.0 -312.5 52 21
691.0 -324.5 53 22
656.0 -320.5 54 23
623.5 -315.5 55 24
1104.0 -316.0 55 25
593.5 -312.5 56 26
565.0 -309.5 57 27
1095.0 -315.0 57 28
1082.0 -435.5 58 29
539.0 -306.5 58 30
1079.5 -437.5 59 31
515.0 -305.0 59 32
1078.5 -436.5 60 33
492.0 -304.0 60 34
1087.5 -305.5 60 35
1078.0 -435.0 61 36
472.0 -305.0 61 37
1085.5 -302.5 61 38
452.0 -305.0 62 39
1083.5 -300.5 62 40
1080.0 -425.5 63 41
434.5 -306.0 63 42
1077.5 -428.5 64 43
417.5 -307.0 64 44
1079.5 -293.0 64 45
1085.0 -348.0 65 46
401.0 -309.5 65 47
1087.0 -429.5 66 48
1067.0 -380.5 66 49
387.0 -311.0 66 50
1093.0 -431.0 67 51
373.0 -313.5 67 52
360.5 -316.5 68 53
1102.0 -436.0 69 54
348.0 -319.5 69 55
1106.0 -437.5 70 56
336.5 -323.0 70 57
1079.5 -294.0 70 58
1108.5 -442.5 71 59
325.5 -328.0 71 60
1082.5 -306.0 71 61
1113.0 -440.0 72 62
315.0 -331.5 72 63
1083.0 -294.5 72 64
1120.0 -444.5 73 65
305.5 -336.0 73 66
1123.5 -445.5 74 67
296.5 -340.0 74 68
1106.0 -333.0 74 69
1123.0 -448.0 75 70
1052.0 -442.5 75 71
1095.5 -379.0 75 72
288.0 -345.0 75 73
1090.5 -343.0 75 74
1126.0 -446.5 76 75
1056.0 -440.0 77 76
1097.5 -380.5 77 77
280.0 -347.0 77 78
1103.5 -376.0 78 79
1097.0 -288.0 78 80