35 0.8 0.627013434293 17.4630223426 0.295824210612
35 0.8 0.627781073029 17.4636012359 0.306014529193
35 0.8 0.695701528958 17.4598691176 0.305508727202
35 0.8 0.580162549459 17.4572763762 0.295010072385
35 0.8 0.592015270105 17.454756645 0.299253020432
35 0.8 0.62364183588 17.4652284826 0.310255440214
35 0.8 0.610701728308 17.4659516155 0.287981047392
35 0.8 0.615282922254 17.4616508283 0.311995792749
35 0.8 0.590046709699 17.4566856019 0.29779342622
35 0.8 0.600761144614 17.4668335571 0.297655544654
35 0.8 0.672770255556 17.4535678713 0.297878565545
35 0.8 0.676646470953 17.4547966865 0.30035394325
35 0.8 0.596227727694 17.4632416951 0.300544626598
35 0.8 0.567410466735 17.4520122505 0.306905003699
35 0.8 0.612358414234 17.4667044223 0.295448309103
35 0.8 0.629381729357 17.4638600544 0.314702748183
35 0.8 0.75089534043 17.4561034456 0.28695732589
35 0.8 0.696513829265 17.4634452405 0.303494224622
35 0.8 0.684555446001 17.4610176296 0.296350310461
35 0.8 0.641999226147 17.4523951569 0.293867526539
35 0.8 0.630467298049 17.4710082554 0.305932785619
35 0.8 0.634047063866 17.4601821871 0.299439843078
35 0.8 0.616302427976 17.4552201781 0.290730267558
35 0.8 0.572415748919 17.4518339722 0.304709720729
35 0.8 0.643193331263 17.4459940372 0.293938062206
35 0.8 0.580381860074 17.461560665 0.304722767027
35 0.8 0.643579894216 17.4585927423 0.302290949298
35 0.8 0.62296275012 17.4563307899 0.292516648736
35 0.8 0.639166319964 17.4532121148 0.313180952575
35 0.8 0.684498182695 17.4530987632 0.307358500795
35 0.8 0.663357631667 17.4493329817 0.315051587323
35 0.8 0.71514783273 17.4607623602 0.299363300471
35 0.8 0.623421444535 17.4554970977 0.296985813241
35 0.8 0.61434016962 17.4494877226 0.294207105752
35 0.8 0.64139771714 17.4570318577 0.314143274192
35 0.8 0.654565813961 17.4568283453 0.291041285574
35 0.8 0.552370899728 17.4688715798 0.29244257909
35 0.8 0.549404223984 17.4581724474 0.299400483098
35 0.8 0.639897364333 17.4619463397 0.310996225423
35 0.8 0.631196771749 17.4740038348 0.305784141014
35 0.8 0.696382007246 17.469860554 0.304315873141
35 0.8 0.607259623107 17.4475428134 0.296253070425
35 0.8 0.617722002124 17.4639561348 0.305186921654
35 0.8 0.664817544562 17.4513375622 0.310529853459
35 0.8 0.608698233758 17.4613761555 0.294822978593
35 0.8 0.657084494552 17.4635836498 0.28125755274
35 0.8 0.719896122193 17.4668688816 0.29640942402
35 0.8 0.662168227245 17.4606298503 0.299427031044
35 0.8 0.655849873147 17.455601116 0.28674025677
35 0.8 0.695076969435 17.450951917 0.297838766561
35 0.8 0.66677758894 17.4752099964 0.302006680184
35 0.8 0.60782831117 17.4599387634 0.304409747307
35 0.8 0.638353468879 17.4597469971 0.300389649105
35 0.8 0.58136430184 17.4590078904 0.309342135502
35 0.8 0.61899291745 17.4615839016 0.286622725301
35 0.8 0.640273747033 17.4610684578 0.297760386444
35 0.8 0.656678549138 17.4616549222 0.306878893414
35 0.8 0.629089864291 17.4527022919 0.299560099462
35 0.8 0.663457059374 17.4594247852 0.323934566664
35 0.8 0.740475907371 17.4610092803 0.306399892361
35 0.8 0.665616131075 17.4640211482 0.296817531765
35 0.8 0.555101309698 17.4585427569 0.292542161497
35 0.8 0.607552204065 17.4589366102 0.301754920623
35 0.8 0.640309256728 17.455896307 0.304796297105
35 0.8 0.59348867921 17.4590748483 0.303199829487
35 0.8 0.722684174935 17.4619305003 0.296944261981
35 0.8 0.592916463388 17.4523654132 0.306838401432
35 0.8 0.578866379236 17.459097259 0.302815660935
35 0.8 0.635183767722 17.459360904 0.308875674093
35 0.8 0.658964817744 17.465023333 0.304320169428
35 0.8 0.704771922998 17.4520821878 0.299752580098
35 0.8 0.640619106402 17.4554064467 0.299900166133
35 0.8 0.729139448324 17.4679962006 0.295648788324
35 0.8 0.625117362226 17.4665595468 0.294913409832
35 0.8 0.577672012469 17.4593131663 0.300475692913
35 0.8 0.659689119818 17.4701004704 0.297726624517
35 0.8 0.691381488937 17.4595408654 0.29952913875
35 0.8 0.740971303735 17.4489555392 0.299312116033
35 0.8 0.63572803854 17.4554801767 0.302711992078
35 0.8 0.687245359424 17.4592353873 0.304795667724
35 0.8 0.608911215489 17.459530104 0.305624944243
35 0.8 0.672026565201 17.4500029652 0.302756528746
35 0.8 0.6810824559 17.4625027281 0.302783643619
35 0.8 0.60880959942 17.4484231013 0.294017926131
35 0.8 0.711690332286 17.451799127 0.309055987086
35 0.8 0.629787939586 17.457574058 0.307268650948
35 0.8 0.620204921182 17.4670448783 0.298620402089
35 0.8 0.644811467088 17.4522943848 0.299481089362
35 0.8 0.559731219523 17.4546530475 0.297930330426
35 0.8 0.660237393155 17.4579078323 0.294759084048
35 0.8 0.635882340772 17.4538915105 0.298330683268
35 0.8 0.672906727828 17.4534327201 0.282654395031
35 0.8 0.6938480784 17.4581601278 0.307759372885
35 0.8 0.60269983547 17.4526865547 0.293727181252
35 0.8 0.691055717881 17.4709215971 0.294734040378
35 0.8 0.634392964507 17.4598205563 0.290169237421
35 0.8 0.714970058743 17.4644864917 0.308341072288
35 0.8 0.638394469102 17.4621711993 0.290886888049
35 0.8 0.683742267753 17.4581799677 0.315921074657
35 0.8 0.674456263425 17.4591376865 0.305566177155
