35 1.8 1.4087133385 8.62392324276e-05 0.0445563616927
35 1.8 1.46190157117 8.39812067816e-05 0.0534879664133
35 1.8 1.57625606243 8.18334139037e-05 0.0448590719406
35 1.8 1.31845919207 8.1705576693e-05 0.0553817721573
35 1.8 1.52499507246 8.16993378052e-05 0.0501118700284
35 1.8 1.36039965796 8.48003791854e-05 0.0433406534035
35 1.8 1.2922723773 8.60983329183e-05 0.0380419966079
35 1.8 1.3262598407 8.8090868761e-05 0.0395731897389
35 1.8 1.41250336707 8.88980434179e-05 0.052318464957
35 1.8 1.61307877514 7.98606313861e-05 0.0663146287307
35 1.8 1.5478246373 8.51197323355e-05 0.0461295278305
35 1.8 1.54792087974 8.86056717734e-05 0.0556347833633
35 1.8 1.28822085394 9.02471213002e-05 0.0420562573104
35 1.8 1.44961377213 8.95460664813e-05 0.0432887387221
35 1.8 1.45159258124 8.45920306411e-05 0.0565745325212
35 1.8 1.5476364278 8.73997055374e-05 0.0466874613082
35 1.8 1.39815543434 9.26107784806e-05 0.0458497576015
35 1.8 1.61750917957 8.7346830355e-05 0.0447410589954
35 1.8 1.55098699658 9.05067900744e-05 0.0435754534677
35 1.8 1.33647409363 9.07228461326e-05 0.0396986199868
35 1.8 1.51709610029 8.41334998954e-05 0.0433401265554
35 1.8 1.4807850165 8.64180061215e-05 0.0430208153169
35 1.8 1.4644702608 8.87619372141e-05 0.0476644376241
35 1.8 1.44359938228 8.31688613423e-05 0.046826104124
35 1.8 1.4037680977 8.69070910331e-05 0.0447423849347
35 1.8 1.32539668843 8.37891119379e-05 0.0474310816429
35 1.8 1.46301588604 8.33783478093e-05 0.0419651780308
35 1.8 1.48894459928 8.27213693549e-05 0.0424795466163
35 1.8 1.44447360332 8.66167364598e-05 0.0525429765073
35 1.8 1.37951282148 9.0087764356e-05 0.0436579542202
35 1.8 1.47656097636 8.0818978967e-05 0.0426296965051
35 1.8 1.57096572762 8.59633868486e-05 0.0485567181413
35 1.8 1.35102377195 8.92996044011e-05 0.0532354032446
35 1.8 1.48592989187 8.93820899775e-05 0.0594960572923
35 1.8 1.54713523552 8.5309242033e-05 0.0465766232973
35 1.8 1.41552306047 8.43443305714e-05 0.0537237452081
35 1.8 1.53167868976 8.43065860819e-05 0.0514863509011
35 1.8 1.43946160835 9.03202059859e-05 0.0422590742361
35 1.8 1.37619439954 8.56714907425e-05 0.0412524427101
35 1.8 1.37127724727 8.70225448553e-05 0.0441209057308
35 1.8 1.63130479354 8.81887905702e-05 0.0542564086797
35 1.8 1.49652124549 8.18759903031e-05 0.0514718453355
35 1.8 1.43835006188 9.39872644911e-05 0.050654139936
35 1.8 1.45931163655 8.59820979696e-05 0.043640175901
35 1.8 1.34889542393 9.0418879844e-05 0.0611560165757
35 1.8 1.40497047274 8.76549306744e-05 0.0541434241998
35 1.8 1.41832765411 8.60969754268e-05 0.0428367926847
35 1.8 1.45400646443 8.11408245242e-05 0.0452557624931
35 1.8 1.44848596525 8.89847905723e-05 0.049796519083
35 1.8 1.5691596339 9.37654138327e-05 0.0474919385988
35 1.8 1.44330166265 8.17730666448e-05 0.0430831525497
35 1.8 1.48922244966 9.06907069053e-05 0.0432916624772
35 1.8 1.54295261039 8.56906772973e-05 0.0588161880229
35 1.8 1.55906432333 8.78688163657e-05 0.0503189138538
35 1.8 1.53180124426 8.67163983136e-05 0.0483580776298
35 1.8 1.49621695479 8.55093470862e-05 0.0483863637263
35 1.8 1.56489894613 8.31538124119e-05 0.0552085776934
35 1.8 1.35178117267 8.24238466031e-05 0.0405290854322
35 1.8 1.43083460844 8.73675862622e-05 0.0489204436986
35 1.8 1.43910657029 8.51769357829e-05 0.0433305821507
35 1.8 1.33854290099 8.31647990518e-05 0.0389038037737
35 1.8 1.42192630109 8.84986589569e-05 0.0456937403998
35 1.8 1.40604930674 8.82133638067e-05 0.0462834259577
35 1.8 1.43984914791 8.59868440845e-05 0.042959091356
35 1.8 1.33480597283 8.25534385936e-05 0.0443814821387
35 1.8 1.51654257953 8.17358644033e-05 0.0475333079179
35 1.8 1.3460299246 8.55976498391e-05 0.0464320683501
35 1.8 1.31476900685 8.37362649563e-05 0.0401837087157
35 1.8 1.39337841067 8.1355873619e-05 0.0461230034343
35 1.8 1.43758656092 8.76967599144e-05 0.0459270846177
35 1.8 1.54592814919 8.61747930752e-05 0.0435581736449
35 1.8 1.36809728203 8.63042555579e-05 0.0378025774495
35 1.8 1.514576852 8.37272459709e-05 0.0450099739434
35 1.8 1.59145912795 8.65484908596e-05 0.0499681423666
35 1.8 1.42805505863 8.83053142803e-05 0.0453184517505
35 1.8 1.53034522977 8.52016143095e-05 0.0591147019396
35 1.8 1.52600131597 8.89258198892e-05 0.0446488661347
35 1.8 1.43925888892 8.78631246658e-05 0.0432289584643
35 1.8 1.33138519658 8.5109930048e-05 0.0748100116105
35 1.8 1.45054879681 8.12647362981e-05 0.0466485221064
35 1.8 1.25379588947 8.76569340792e-05 0.047212215481
35 1.8 1.51599214193 8.00627450904e-05 0.0502728759702
35 1.8 1.41089852421 8.78232191822e-05 0.0458688065213
35 1.8 1.22752721673 8.96147247599e-05 0.0376708227861
35 1.8 1.63436665221 8.54986535321e-05 0.0463990536755
35 1.8 1.76036274238 8.36473211232e-05 0.0529115408768
35 1.8 1.48650825007 8.65431965644e-05 0.0589471774964
35 1.8 1.56174183372 8.79694993824e-05 0.0497428148177
35 1.8 1.30058248146 8.52518329402e-05 0.0517750353474
35 1.8 1.4753241166 8.23440243334e-05 0.0601457485039
35 1.8 1.62117579389 9.01139457991e-05 0.0475275385213
35 1.8 1.32233392944 8.41706352694e-05 0.039206719452
35 1.8 1.43572333753 8.65143101058e-05 0.0499908851483
35 1.8 1.3017500307 8.07193291893e-05 0.0392892659341
35 1.8 1.7726348355 8.86685764768e-05 0.0599354084159
35 1.8 1.38558905091 8.59096421896e-05 0.0414051829444
35 1.8 1.6038804515 8.41488240532e-05 0.0509532631744
35 1.8 1.46026210951 7.82057808452e-05 0.0449994702431
35 1.8 1.59443096302 8.22666800665e-05 0.0520822575882
35 1.8 1.50590800309 8.86948353825e-05 0.0549269017453
