35 1.4 1.00511899832 8.48439931979e-05 0.0289195215513
35 1.4 1.16602574254 8.66667606018e-05 0.0374424785358
35 1.4 1.14154192036 8.41328907394e-05 0.0330317645135
35 1.4 1.09162402966 9.0929303145e-05 0.0361258270612
35 1.4 1.11834264641 8.98689282957e-05 0.045670932799
35 1.4 1.20921563431 8.46394544183e-05 0.0411202878401
35 1.4 1.16284226695 7.93144624586e-05 0.0405273058794
35 1.4 1.1500163311 8.61417387161e-05 0.0468581097572
35 1.4 1.02263149296 8.656753297e-05 0.0323752446817
35 1.4 1.01371792419 8.61152254565e-05 0.0367235754954
35 1.4 1.0269808261 8.89988890051e-05 0.0357723161513
35 1.4 1.14122209198 9.0047539006e-05 0.0342664875132
35 1.4 1.10174834134 9.27722624351e-05 0.036473860631
35 1.4 1.0880912545 8.53950927175e-05 0.0349218832841
35 1.4 1.25846390165 8.89544136484e-05 0.0348192012385
35 1.4 1.07027435591 8.92626294362e-05 0.043920495365
35 1.4 1.23199032471 8.72543754368e-05 0.0369819810567
35 1.4 1.16495434434 8.45710102124e-05 0.034232956829
35 1.4 1.01962363758 8.58592284862e-05 0.0382942972614
35 1.4 1.11142573282 8.40820669682e-05 0.0361983970807
35 1.4 1.00488040908 8.05792422538e-05 0.0285781620868
35 1.4 1.16894648343 8.65752226682e-05 0.0339050578989
35 1.4 1.09681017276 8.74556825242e-05 0.0368281236778
35 1.4 1.10066806572 8.37568528274e-05 0.0340385526811
35 1.4 1.13723124127 8.75893594771e-05 0.0380539264147
35 1.4 1.09404362018 8.54566541993e-05 0.0327345064791
35 1.4 1.1806574961 8.4705577011e-05 0.0395271672683
35 1.4 1.13642685993 8.53322672405e-05 0.0342033456089
35 1.4 1.24111587937 8.7495364479e-05 0.0398559068206
35 1.4 1.08916422478 8.66679427129e-05 0.0344814217026
35 1.4 1.02882214253 9.2282383232e-05 0.0338203353607
35 1.4 1.24287788456 8.62626411084e-05 0.0372102771982
35 1.4 1.15127272476 9.04942170543e-05 0.0434699963983
35 1.4 1.0118303291 8.48127445896e-05 0.0341634237774
35 1.4 0.968370011556 8.9643705537e-05 0.0287375417358
35 1.4 1.161050689 9.09291501981e-05 0.0347199988902
35 1.4 1.17542195666 8.47698890891e-05 0.0351564519132
35 1.4 1.15230760592 8.81223706316e-05 0.0354785110142
35 1.4 1.1446843164 8.74985968312e-05 0.0333960846013
35 1.4 1.15610086137 8.48374682987e-05 0.0346509842029
35 1.4 0.940647062166 9.33261375803e-05 0.0376081442977
35 1.4 1.08458521989 8.78745299552e-05 0.0409687147606
35 1.4 1.12594831445 8.48190649465e-05 0.0378856991294
35 1.4 1.04252631787 8.30856865233e-05 0.0377131905931
35 1.4 1.12586773117 8.27993293126e-05 0.0366401258387
35 1.4 1.0470545433 8.98810057675e-05 0.0323812255294
35 1.4 1.13694762929 8.7987004557e-05 0.0475869680459
35 1.4 1.04255363187 8.96994558433e-05 0.0341820236425
35 1.4 1.16020287364 8.52841314819e-05 0.0417122971647
35 1.4 1.22187361799 8.61488592612e-05 0.0409203807075
35 1.4 1.05616946357 8.51230028933e-05 0.030557204571
35 1.4 1.09535941994 8.30994045012e-05 0.0338244719092
35 1.4 1.14668986428 8.00088419844e-05 0.0330300405102
35 1.4 0.960106732193 8.96902768879e-05 0.0288979120156
35 1.4 1.09855405506 8.20073613978e-05 0.0322516443856
35 1.4 1.16969434054 8.31398175774e-05 0.0345791667776
35 1.4 1.27256914417 8.16463780127e-05 0.0420255056715
35 1.4 0.92825762845 8.7669172701e-05 0.0289567752601
35 1.4 0.976250761221 8.73763129521e-05 0.0460416463014
35 1.4 1.07146423236 8.00000530702e-05 0.0340688744909
35 1.4 0.966651944307 8.25802221293e-05 0.0334324338075
35 1.4 1.09140875891 8.71006305788e-05 0.0430578040983
35 1.4 1.0662577442 9.05273110486e-05 0.036262842051
35 1.4 1.09809948293 8.13279757015e-05 0.042219522388
35 1.4 1.07765177576 8.62299257383e-05 0.0344331688158
35 1.4 1.29902464965 9.26936070034e-05 0.0408349710387
35 1.4 1.06770849016 8.45427341802e-05 0.0417541784284
35 1.4 1.11097218602 8.391159724e-05 0.0327032662548
35 1.4 1.16433456343 8.39885242477e-05 0.0338716901176
35 1.4 1.21439285836 8.38580182942e-05 0.0374704439239
35 1.4 1.1377535749 8.57683699966e-05 0.0351675015641
35 1.4 1.24335362286 8.23065363215e-05 0.0370074321926
35 1.4 1.0801908769 8.52634918184e-05 0.0351200275943
35 1.4 1.15785665745 8.32947140742e-05 0.0403730565232
35 1.4 1.18757468072 8.9665131244e-05 0.0328375576136
35 1.4 1.26613232401 7.96749794022e-05 0.0455383679348
35 1.4 1.09253678905 8.86028855785e-05 0.0431360534586
35 1.4 1.17733034252 8.15473367961e-05 0.0478012431849
35 1.4 1.00248297215 8.59564470783e-05 0.0320425956254
35 1.4 1.13670063546 8.90960332528e-05 0.0439989639279
35 1.4 1.24925928965 8.54289846345e-05 0.058695536222
35 1.4 1.10913100547 9.00510352424e-05 0.034033245932
35 1.4 1.12261818517 8.44781502496e-05 0.0310538332356
35 1.4 1.10385774864 8.74093981086e-05 0.0342945777395
35 1.4 1.11824170478 8.25554989114e-05 0.0325464852675
35 1.4 1.0484004764 9.17126210167e-05 0.0360150802113
35 1.4 1.04687850462 8.78010766799e-05 0.0358281506759
35 1.4 1.09606451656 8.53113858662e-05 0.0472976790101
35 1.4 1.19145917979 8.71408539817e-05 0.0414601159127
35 1.4 1.07063917397 8.82713404807e-05 0.0307713915936
35 1.4 1.08508076217 8.73400317999e-05 0.0306217637546
35 1.4 1.03569323655 8.83971509643e-05 0.0360338122088
35 1.4 1.1026330658 8.51512874742e-05 0.0338428680223
35 1.4 1.03086832376 8.54939948583e-05 0.0371231479878
35 1.4 1.231330623 8.32261066135e-05 0.0389556609953
35 1.4 1.17149002353 8.82361149149e-05 0.0444468058882
35 1.4 1.08436020592 8.33931422862e-05 0.0491797066332
35 1.4 1.07034262802 8.72190699887e-05 0.0350312607082
35 1.4 1.16455667865 8.35822059641e-05 0.0384533139599
35 1.4 1.02807143662 8.61643652523e-05 0.0341776547298
