0.0 0.0 18.38
-0.1 2.17 18.68
6.87 2.44 21.21
6.67 0.0 19.81
0.0 0.0 0.0
0.16 0.1 0.31
0.32 0.21 0.65
0.46 0.31 0.95
0.61 0.43 1.27
0.74 0.52 1.6
0.89 0.63 1.95
1.02 0.73 2.28
1.16 0.83 2.62
1.3 0.93 2.96
1.44 1.03 3.31
1.57 1.12 3.65
1.71 1.21 4.0
1.84 1.31 4.35
1.97 1.4 4.7
2.09 1.49 5.05
2.22 1.57 5.42
2.35 1.66 5.76
2.47 1.74 6.11
2.59 1.83 6.46
2.71 1.91 6.84
2.82 1.99 7.18
2.95 2.08 7.54
3.05 2.15 7.89
3.17 2.24 8.26
3.27 2.31 8.6
3.39 2.4 8.97
3.49 2.46 9.31
3.61 2.55 9.68
3.7 2.61 10.02
3.81 2.69 10.37
3.91 2.75 10.71
4.01 2.83 11.07
4.11 2.88 11.4
4.2 2.94 11.75
4.3 3.0 12.09
4.38 3.05 12.42
4.48 3.11 12.74
4.57 3.16 13.06
4.65 3.21 13.38
4.72 3.24 13.69
4.81 3.3 14.01
4.88 3.34 14.31
4.96 3.38 14.62
5.04 3.41 14.92
5.12 3.45 15.21
5.18 3.47 15.48
5.25 3.51 15.78
5.31 3.49 16.03
5.39 3.55 16.35
5.46 3.55 16.62
5.52 3.58 16.89
5.57 3.57 17.12
5.65 3.6 17.41
5.71 3.59 17.67
5.77 3.61 17.93
5.83 3.61 18.18
5.89 3.61 18.41
5.95 3.62 18.66
6.0 3.6 18.87
6.05 3.61 19.11
6.1 3.57 19.33
6.17 3.6 19.59
6.21 3.54 19.77
6.26 3.54 20.01
6.32 3.5 20.21
6.38 3.49 20.44
6.42 3.45 20.66
6.47 3.45 20.91
6.51 3.4 21.08
6.56 3.42 21.31
6.6 3.34 21.47
6.65 3.32 21.69
6.69 3.27 21.87
