21.2506956729 47.5364523385
22.4835952024 50.2943700379
20.2077889184 45.2035363721
21.448560353 47.979063022
21.4344504563 47.947500082
22.8157707384 51.037425549
21.3534404798 47.7662859255
22.3422885942 49.9782761579
21.9460485431 49.0919124083
22.7479293308 50.8856686425
21.8700813674 48.921978676
22.378949835 50.060285018
21.9616791021 49.1268769728
22.5925784393 50.5381585955
22.1727942748 49.599128164
22.89011933 51.2037386117
21.5296482075 48.1604513862
22.1886800668 49.6346636686
22.382294845 50.0677675922
23.1702419492 51.8303550641
21.6375257701 48.401766621
22.5043457556 50.3407877035
21.6791546947 48.4948878731
22.9535283844 51.3455806266
21.4036057211 47.8785023745
22.995570346 51.4396258162
20.9614730941 46.8894798561
22.9407942875 51.3170952631
20.483918705 45.8212211127
22.1981880878 49.6559325058
20.5754953931 46.0260723296
22.0731654292 49.3762647838
20.350561823 45.5229102637
21.0819145632 47.1588997492
20.6684789337 46.2340705859
20.1957407929 45.1765854832
19.9162819725 44.5514539062
19.4599781544 43.5307313362
19.347219483 43.2784973722
18.3403809196 41.0262636515
19.3095307035 43.1941899736
18.3160735937 40.971889712
18.6396166542 41.6956349256
18.0740736988 40.430551365
17.7132904226 39.6235021616
16.3107164872 36.486033626
17.7884153198 39.7915517704
14.9264651627 33.3895516038
19.4974208287 43.614488213
16.3289217358 36.5267576073
16.0370795834 35.8739253057
13.7874452839 30.8416367019
17.4768224394 39.0945383485
15.1847848056 33.9673961874
15.6297530465 34.9627617935
14.8776890482 33.2804425433
13.6622843085 30.561659574
14.7872954485 33.0782378196
12.7855348091 28.6004268016
14.660990333 32.7957013233
12.7376228001 28.4932506898
15.6103440492 34.9193451031
11.5140289915 25.7561492952
14.0644370514 31.4612496387
12.3964342508 27.7300336422
13.8642528729 31.0134503851
13.0905404997 29.2827050994
14.7146189497 32.9156651221
10.7607121645 24.0710275471
13.685892635 30.6144698963
10.5917317415 23.6930291065
12.6853125498 28.3762359927
11.4921090565 25.7071157972
