14.0 -526.0 3 1
78.5 -481.5 7 2
85.0 -525.0 9 3
77.0 -526.0 10 4
127.5 -471.0 11 5
284.0 -490.5 19 6
206.0 -385.5 19 7
285.5 -491.5 21 8
283.5 -486.0 22 9
417.5 -446.5 22 10
285.0 -485.0 23 11
466.0 -416.5 23 12
287.0 -483.5 24 13
511.5 -394.5 24 14
286.0 -476.5 25 15
550.0 -375.5 25 16
287.5 -474.5 26 17
586.5 -358.5 26 18
618.0 -347.5 27 19
647.0 -337.5 28 20
331.5 -472.5 29 21
673.5 -329.5 29 22
697.5 -322.5 30 23
275.0 -385.5 31 24
720.0 -317.0 31 25
740.5 -312.5 32 26
759.5 -308.0 33 27
321.5 -473.0 34 28
777.0 -305.0 34 29
318.0 -475.5 35 30
793.5 -303.0 35 31
314.0 -466.5 36 32
808.5 -301.5 36 33
823.0 -300.5 37 34
312.0 -455.0 38 35
836.5 -300.0 38 36
327.0 -355.0 39 37
849.5 -300.5 39 38
329.0 -353.5 40 39
862.0 -303.0 40 40
873.5 -304.0 41 41
324.0 -383.0 42 42
327.0 -346.5 42 43
884.5 -306.0 42 44
895.0 -309.5 43 45
906.0 -312.5 44 46
295.5 -297.5 44 47
915.5 -316.0 45 48
292.5 -303.5 45 49
227.0 -376.5 46 50
256.5 -341.0 46 51
924.5 -320.0 46 52
934.0 -324.0 47 53
261.0 -470.5 48 54
225.5 -388.5 48 55
943.0 -327.5 48 56
261.0 -463.5 49 57
951.5 -332.0 49 58