35 0.4 0.353090105833 17.4612100879 0.303676053324
35 0.4 0.314203312213 17.4563446154 0.293018274463
35 0.4 0.277443430433 17.4575504443 0.299820357181
35 0.4 0.340916690727 17.4612461994 0.30166689793
35 0.4 0.325359621819 17.4590160128 0.300635962605
35 0.4 0.32609900338 17.4586722422 0.302185041786
35 0.4 0.284332107231 17.4555783662 0.300212754686
35 0.4 0.331596249483 17.4535391761 0.308362387426
35 0.4 0.336988974018 17.459015051 0.30224153542
35 0.4 0.322022924519 17.4575069957 0.296864202995
35 0.4 0.297146763016 17.454592046 0.305197793173
35 0.4 0.325143474384 17.4592368971 0.298921188267
35 0.4 0.330095670561 17.4589759597 0.298686753067
35 0.4 0.31476956176 17.4542771278 0.297912540802
35 0.4 0.292113839044 17.4603290974 0.301036057608
35 0.4 0.330822894768 17.4517601158 0.294724548618
35 0.4 0.296525874903 17.4559059946 0.291701489815
35 0.4 0.310487852087 17.4634292636 0.304832146707
35 0.4 0.308149001722 17.4563812505 0.301964243827
35 0.4 0.285805585853 17.460407419 0.301129920662
35 0.4 0.351176012861 17.4629954267 0.296106340094
35 0.4 0.344569312892 17.4623822594 0.301131176966
35 0.4 0.317675332747 17.4642712883 0.30069067336
35 0.4 0.353170654312 17.4613901877 0.302546170677
35 0.4 0.314254604296 17.4595387998 0.301193414293
35 0.4 0.306653487632 17.4607419207 0.299359271028
35 0.4 0.314719354593 17.4554329127 0.30073380825
35 0.4 0.319136310012 17.4569278481 0.297566906919
35 0.4 0.296529007046 17.4531629494 0.300232892043
35 0.4 0.304466004311 17.4567861238 0.300053900906
35 0.4 0.27191015627 17.45810411 0.301297505176
35 0.4 0.315711016214 17.4560264973 0.300661231046
35 0.4 0.329855471154 17.4608745578 0.297181610786
35 0.4 0.375181290743 17.4584055796 0.312999442947
35 0.4 0.304305267884 17.4575681816 0.294827498491
35 0.4 0.348732298113 17.458837803 0.299850607909
35 0.4 0.276075522252 17.460504106 0.303188835925
35 0.4 0.290294159144 17.4598790594 0.303029007854
35 0.4 0.287907946139 17.460085429 0.29509056599
35 0.4 0.313319815883 17.4591888304 0.30430658144
35 0.4 0.332544547999 17.466833871 0.30531294961
35 0.4 0.291305347649 17.4593747385 0.300683371213
35 0.4 0.313959872204 17.4580612682 0.303237618001
35 0.4 0.340694927885 17.46206846 0.290725043769
35 0.4 0.347509131622 17.4581490356 0.297652867584
35 0.4 0.325470026914 17.4576267342 0.295671742273
35 0.4 0.346097623864 17.457103032 0.2960208457
35 0.4 0.282135291547 17.4564007392 0.298422587401
35 0.4 0.347513269143 17.4542923082 0.295030167799
35 0.4 0.336883641403 17.460967912 0.302537615394
35 0.4 0.300876076414 17.4569874848 0.300073016252
35 0.4 0.337028740552 17.4578522888 0.304756902466
35 0.4 0.312530313139 17.4570637412 0.304662473496
35 0.4 0.31164584921 17.4560593171 0.305024129984
35 0.4 0.31368855882 17.4572407234 0.297498157329
35 0.4 0.326276078383 17.4538200368 0.296307640924
35 0.4 0.299836750299 17.4557344109 0.302231774594
35 0.4 0.314484956303 17.4626368612 0.293467266629
35 0.4 0.303401584765 17.4577067245 0.293052187958
35 0.4 0.336779576688 17.4601811088 0.294849995777
35 0.4 0.306988633681 17.4545735764 0.301567954954
35 0.4 0.311665954778 17.4614357112 0.303378101094
35 0.4 0.299026743079 17.4585261428 0.302273752948
35 0.4 0.332523987028 17.4605242691 0.303607881419
35 0.4 0.33707378205 17.458941744 0.294024155193
35 0.4 0.317598744333 17.4587462188 0.303474786759
35 0.4 0.329535735323 17.4526784023 0.298262101256
35 0.4 0.334488145724 17.4607854415 0.306605875545
35 0.4 0.323127528014 17.4585337749 0.301086042377
35 0.4 0.320197035754 17.4598595164 0.304460339952
35 0.4 0.306432058502 17.4635299685 0.296247809353
35 0.4 0.335817018516 17.455094049 0.294403337163
35 0.4 0.341685427374 17.4567863688 0.30313747216
35 0.4 0.314156231903 17.4569213231 0.293970394648
35 0.4 0.330722516174 17.4585717057 0.301536316536
35 0.4 0.348558136225 17.4566427463 0.295500169322
35 0.4 0.334985782583 17.4605297923 0.29393654283
35 0.4 0.344166945033 17.4610849137 0.311376084017
35 0.4 0.249442039802 17.4584256098 0.298442177562
35 0.4 0.366727694609 17.4578816319 0.304552448178
35 0.4 0.294633728093 17.45499208 0.30056251593
35 0.4 0.304866133012 17.4590517962 0.297431635637
35 0.4 0.325110510988 17.4654424986 0.296752084791
35 0.4 0.352641668198 17.4581430949 0.298881340862
35 0.4 0.308868583381 17.4624770074 0.303812764242
35 0.4 0.281898044297 17.4637321382 0.296402917096
35 0.4 0.309591671326 17.4579413509 0.299479212319
35 0.4 0.325870695466 17.4630820725 0.302687281973
35 0.4 0.288722399224 17.4591208395 0.302024223091
35 0.4 0.302610928523 17.4639639939 0.305215368621
35 0.4 0.308579802081 17.4591786723 0.299910912637
35 0.4 0.302040119944 17.460887404 0.299079813795
35 0.4 0.301229636925 17.4540510003 0.309404509485
35 0.4 0.327816573631 17.4566237629 0.29832937804
35 0.4 0.297606753705 17.4620029562 0.300596098497
35 0.4 0.319248777912 17.4644848258 0.305268216466
35 0.4 0.325909771783 17.4538344304 0.298915173186
35 0.4 0.30736614761 17.465397845 0.301606338843
35 0.4 0.320528389493 17.4644428784 0.306837879103
35 0.4 0.304055010818 17.4591086586 0.297410845978
