450.0 -446.0 1 1
374.5 -449.0 2 2
316.5 -454.5 2 3
453.5 -445.5 2 4
456.5 -444.5 3 5
458.5 -444.5 4 6
544.5 -414.5 11 7
582.5 -401.0 12 8
618.5 -386.0 13 9
650.0 -375.5 14 10
680.5 -365.5 15 11
709.0 -356.0 16 12
735.0 -350.5 17 13
760.0 -345.0 18 14
783.5 -340.5 19 15
805.5 -337.5 20 16
826.0 -335.0 21 17
847.0 -332.5 22 18
865.5 -330.5 23 19
883.0 -330.5 24 20
486.5 -358.5 25 21
900.5 -330.5 25 22
917.0 -331.0 26 23
933.0 -330.5 27 24
948.5 -332.5 28 25
963.5 -334.5 29 26
978.0 -336.5 30 27
991.5 -338.5 31 28
1004.5 -341.5 32 29
492.0 -424.5 33 30
1018.0 -344.0 33 31
1031.0 -347.5 34 32
1043.0 -351.0 35 33
1053.5 -353.0 36 34