-0.0 -0.0 7.53
-0.21 2.44 7.47
7.02 2.42 7.67
7.35 0.0 7.8
0.0 0.0 0.0
0.2 0.83 1.59
0.28 1.22 2.37
0.34 1.49 2.95
0.38 1.7 3.42
0.42 1.86 3.82
0.45 1.98 4.17
0.48 2.08 4.48
0.5 2.14 4.75
0.52 2.19 5.01
0.55 2.22 5.24
0.57 2.22 5.45
0.59 2.21 5.64
0.61 2.19 5.83
0.63 2.15 6.0
0.66 2.09 6.16
0.68 2.02 6.31
0.71 1.94 6.45
0.73 1.85 6.59
0.76 1.74 6.72
0.79 1.63 6.84
0.82 1.5 6.96
0.84 1.36 7.08
0.87 1.22 7.19
0.9 1.06 7.29
0.92 0.9 7.39
0.95 0.73 7.49
0.97 0.55 7.59
0.99 0.37 7.68
1.02 0.18 7.77
1.04 -0.01 7.85
