104.827149493 234.491654878
50.5610024145 113.10174116
37.4138595354 83.6924201437
29.9770135025 67.0566693696
25.0345400997 56.0006712524
21.4614785103 48.0079601167
18.7421741016 41.9250494014
16.604033966 37.142166139
14.8896975569 33.3073048122
13.50320857 30.2058172817
12.384002811 27.7022253035
11.4927704262 25.7085952389
10.8023422407 24.1641513751
10.2927519141 23.0242302807
9.94601981306 22.2486126609
9.74439174362 21.7975835153
9.66879268837 21.6284732451
9.69812425869 21.6940860992
9.81094421686 21.9464571579
9.98677669888 22.3397832179
10.2063099425 22.8308650975
10.4534101888 23.3836126057
10.714634841 23.9679555099
10.9795062374 24.5604559487
11.2403819492 25.1440182957
11.4918448079 25.7065246899
11.7302714449 26.2398698866
11.9537616313 26.739803195
12.1611332327 27.2036802558
12.3522596361 27.6312178436
