35 0.6 0.546444598981 17.4566918087 0.293652462925
35 0.6 0.546074582177 17.467881924 0.298048118191
35 0.6 0.496590458336 17.4594236983 0.29397058823
35 0.6 0.505222600725 17.455338204 0.292875003429
35 0.6 0.519797161129 17.4608878276 0.305216126011
35 0.6 0.44465538142 17.4625462387 0.299127926882
35 0.6 0.49816300371 17.4622204551 0.299399540081
35 0.6 0.508580083597 17.4621157415 0.288653514641
35 0.6 0.446437829339 17.4594689554 0.295858623727
35 0.6 0.470043113399 17.451575607 0.301232688738
35 0.6 0.501889162441 17.4646532831 0.295637483973
35 0.6 0.469816112754 17.4611677125 0.301491996547
35 0.6 0.497917782387 17.4644099446 0.310854326409
35 0.6 0.459166591907 17.4631003676 0.3088520048
35 0.6 0.473310384662 17.4605706856 0.30034238279
35 0.6 0.503590759781 17.4650376276 0.30104861268
35 0.6 0.468131188905 17.459057451 0.297225228802
35 0.6 0.42441192429 17.4606055947 0.316017088924
35 0.6 0.488474183748 17.4575761544 0.290693813367
35 0.6 0.517439987053 17.4614852479 0.29905900018
35 0.6 0.479958525685 17.4561950685 0.307425408096
35 0.6 0.531699537788 17.4582981258 0.298984054607
35 0.6 0.479548670895 17.4582716079 0.300636577422
35 0.6 0.479440758219 17.4620878051 0.296648048449
35 0.6 0.488035757127 17.4528336523 0.294827800253
35 0.6 0.438581866117 17.4537515346 0.302042516659
35 0.6 0.476821461637 17.456039655 0.302409898534
35 0.6 0.466325296022 17.4640075641 0.296118597895
35 0.6 0.504085250773 17.4610302123 0.287767455169
35 0.6 0.484850188438 17.4625928339 0.298228586733
35 0.6 0.461920668837 17.4511965876 0.294417449826
35 0.6 0.488001435003 17.4567035078 0.291992053826
35 0.6 0.4340444863 17.4581645789 0.29511828387
35 0.6 0.451308916492 17.4572920571 0.300122631755
35 0.6 0.507154784871 17.4627342261 0.304193445964
35 0.6 0.496816807886 17.4595314941 0.298364844018
35 0.6 0.43021158181 17.4609085012 0.303577558163
35 0.6 0.440516866002 17.4612220854 0.305572504234
35 0.6 0.489456960382 17.4650453615 0.300681278959
35 0.6 0.516500793009 17.4508653354 0.298396106362
35 0.6 0.454156964434 17.4580124212 0.290327005262
35 0.6 0.51617371106 17.4664105329 0.301233890871
35 0.6 0.454521021297 17.4640595507 0.297369994165
35 0.6 0.471973718809 17.4570759734 0.294012220947
35 0.6 0.490573668802 17.4598563541 0.29006532334
35 0.6 0.489727218503 17.4561216012 0.310943648506
35 0.6 0.476634521332 17.457690744 0.304483665869
35 0.6 0.438048959051 17.4639676293 0.312089400325
35 0.6 0.474025669346 17.4652606227 0.305812306247
35 0.6 0.495136523767 17.4625542154 0.309164047878
35 0.6 0.454883740431 17.4589562714 0.29406295693
35 0.6 0.497126907285 17.4548489955 0.30564751396
35 0.6 0.500931617962 17.4570837826 0.302964621889
35 0.6 0.463339314219 17.4599250154 0.30858505789
35 0.6 0.536043120323 17.4560407333 0.303312701354
35 0.6 0.492620479997 17.4672900957 0.302515751457
35 0.6 0.446467375435 17.456619133 0.30671889888
35 0.6 0.431419303162 17.453189406 0.295413344376
35 0.6 0.453100297772 17.4640772779 0.307409945539
35 0.6 0.462288550084 17.4592289395 0.307543421081
35 0.6 0.433659128878 17.4618269327 0.298360750445
35 0.6 0.461767922598 17.4533576826 0.300423865351
35 0.6 0.41263179981 17.4622386874 0.305800304114
35 0.6 0.483984328588 17.4610996732 0.306416079035
35 0.6 0.425818014793 17.4565824318 0.297300337197
35 0.6 0.4679827526 17.4546200202 0.29740429313
35 0.6 0.520162871442 17.4619843174 0.305308510465
35 0.6 0.4808971948 17.4541160567 0.298890476316
35 0.6 0.503198447756 17.4554076056 0.301916241306
35 0.6 0.456444091566 17.462761185 0.303944850576
35 0.6 0.506785622929 17.4622589752 0.308732297018
35 0.6 0.470091769433 17.4509763949 0.298941863693
35 0.6 0.392206055187 17.4618861375 0.299179963804
35 0.6 0.461275374044 17.4590349101 0.309798135237
35 0.6 0.467616110131 17.4628485421 0.302558601038
35 0.6 0.455786584172 17.4660248997 0.294736004756
35 0.6 0.504533531273 17.459162229 0.304480740725
35 0.6 0.430683289785 17.4578118789 0.293927936271
35 0.6 0.452126172725 17.4609947795 0.313989627671
35 0.6 0.482398277925 17.4533914301 0.293362442154
35 0.6 0.509531618851 17.4664719521 0.298230499158
35 0.6 0.431829675149 17.4607241989 0.304409789943
35 0.6 0.496585927334 17.4563335736 0.297630838453
35 0.6 0.494937935096 17.4613871542 0.289084674582
35 0.6 0.435382031016 17.4574124768 0.306219713574
35 0.6 0.482047518831 17.4591924796 0.29199968737
35 0.6 0.452840943447 17.4616133471 0.298781483764
35 0.6 0.440768440285 17.4586663516 0.295392465565
35 0.6 0.441441069688 17.4540585065 0.309361696122
35 0.6 0.489728209954 17.4607264071 0.296986008362
35 0.6 0.531427278115 17.4586739165 0.303105829428
35 0.6 0.435633612333 17.4549842395 0.298258849186
35 0.6 0.47072416901 17.4566705474 0.294341133074
35 0.6 0.464229987085 17.4594987202 0.297905354498
35 0.6 0.536539759603 17.4643754346 0.295150324191
35 0.6 0.481686817455 17.4560233092 0.296979453309
35 0.6 0.513386185355 17.464016907 0.301830256159
35 0.6 0.505578276759 17.4641737989 0.306526261306
35 0.6 0.401246540875 17.463523735 0.309545081811
35 0.6 0.459629240137 17.458344362 0.295200849113
