35 0.3 0.253146702478 0.545082267473 0.748709964099 25.2326490565 15.9346506874 0.475887137771 0.197786870836
35 0.3 0.232057202117 0.378276728973 0.321851258697 5.09723988543 3.23913127603 0.128330034371 0.0728567562039
35 0.3 0.2398143174 0.720988122776 1.32844102956 5.07510971831 4.68302276851 0.237054865337 0.169177628687
35 0.3 0.232235891027 0.460549031646 0.376360577117 12.461682948 8.03879339249 0.193414748471 0.0715008737145
35 0.3 0.226050036948 0.276240640121 0.217851437715 13.4755586053 8.35676799049 0.20451214685 0.0717234087358
35 0.3 0.228081529785 0.542979204727 0.743184364533 5.68865416429 4.93762580187 0.136042105973 0.0891776046328
35 0.3 0.258195929806 0.667122489448 1.22389441567 21.775574827 12.842170375 0.345307276291 0.192499403738
35 0.3 0.269409514659 0.340929534407 0.269113127069 7.55229332365 4.92425261052 0.137656421647 0.0559167513598
35 0.3 0.233113706241 0.658713143325 1.05528026427 5.2216161658 5.39240002682 0.213271390669 0.170567962408
35 0.3 0.241236100719 0.467221704623 0.879649840962 13.631327349 8.36432936096 0.21927166104 0.127913434667
35 0.3 0.239326267627 0.576701659343 0.992716071556 13.3442113066 10.6546827511 0.240869606744 0.181457536521
35 0.3 0.221051221874 0.404021849073 0.681465686219 30.4519764904 19.3429725544 0.611589921337 0.245195066899
35 0.3 0.275405460766 0.687943036816 0.966657954757 2.99317575617 3.23023250997 0.121254489711 0.10778626852
35 0.3 0.227763979079 0.349548579646 0.299225502843 24.654846594 15.2121259742 0.455840489583 0.16374504466
35 0.3 0.239231668069 0.690901442455 1.1195555466 9.76010478646 8.48008016299 0.246336468867 0.192235041631
35 0.3 0.239775990661 0.663051074719 1.1985591996 6.92424240526 7.25735852578 0.226121334753 0.166904519837
35 0.3 0.246783034718 0.565973715059 0.859502063539 15.2947399279 10.3095765016 0.275313185783 0.154789689085
35 0.3 0.254691847683 0.573365160735 0.713199028852 18.6516276324 13.5566767852 0.283864123727 0.179749751102
35 0.3 0.251913190429 0.333686455909 0.251105068079 22.6131227572 15.5894547343 0.346261526007 0.151836783995
35 0.3 0.25021538087 0.575932543153 0.85704363084 14.2617856692 10.8934009437 0.245128927157 0.168631093046
35 0.3 0.239913067539 0.428777770217 0.459734797137 17.3654645315 10.6689975835 0.303676914197 0.120387636888
35 0.3 0.242311495772 0.599354693354 0.955905021805 19.9122843822 11.7686677948 0.343068099844 0.170829699365
35 0.3 0.240309779543 0.335250571173 0.284365686893 7.29266605008 4.46236038097 0.113871599696 0.05548478329
35 0.3 0.259148971646 0.539161864311 0.532994050771 14.0022492443 9.02697303827 0.216624943069 0.12204938192
35 0.3 0.226334659288 0.372006280333 0.395906660583 3.82355664168 2.92790859198 0.101949219839 0.0578198195281
35 0.3 0.209259766283 0.284668022188 0.206300871942 20.7435464102 14.1239067001 0.306079046151 0.114892409163
35 0.3 0.243487158434 0.278695623061 0.230447226759 7.25848284749 4.43665085429 0.108926019675 0.0398306468669
35 0.3 0.251997041969 0.343368611774 0.21311709458 8.87825003634 5.83569966551 0.149443739135 0.0669425370635
35 0.3 0.227323036348 0.48069549543 0.674124861874 12.2378213967 9.55744483928 0.221578860157 0.163917948406
35 0.3 0.233245381451 0.35419143207 0.370557159454 12.5231086533 8.07864695853 0.179024036557 0.0806634309138
35 0.3 0.268615821735 0.6409252694 0.864966141362 20.07518148 13.4295483701 0.384165776076 0.196341596503
35 0.3 0.250814913267 0.351048304319 0.21414995827 7.36378442849 4.87965700164 0.0922790772946 0.0434659300081
35 0.3 0.252906538735 0.244060085865 0.180426304428 22.2566444132 13.5741429486 0.410279034958 0.141370363348
35 0.3 0.242320642224 0.342966489555 0.340776854112 13.8696047147 8.55840829572 0.214411005439 0.0777276140105
35 0.3 0.242767014396 0.58263326708 0.539875381974 17.8765585142 13.006193769 0.275429385921 0.176186932124
35 0.3 0.253895954477 0.462949056264 0.394976742501 14.1370871332 8.62389178259 0.254553468144 0.0842829743716
35 0.3 0.255929320335 0.64269804049 1.20274864475 23.0960462338 17.0069671778 6.58740577834 2.83731411734
35 0.3 0.237822628039 0.585812679478 0.836221303434 14.2569387568 8.76028427927 0.23776971114 0.134243835034
35 0.3 0.235014949425 0.364775743248 0.348404777771 10.0076190903 5.98939580255 0.138599791821 0.0692435117685
35 0.3 0.243303384556 0.474154477865 0.554821460699 13.7999058086 10.3344076115 0.331241566441 0.19664503844
35 0.3 0.254758667403 0.379283523076 0.502924292321 5.35405063557 3.30639060977 0.117696713342 0.0600222626812
35 0.3 0.240819103563 0.433773572985 0.424006666581 27.1530648222 18.2810563048 0.397437989544 0.145431523791
35 0.3 0.23864375577 0.522402255338 0.742103681894 2.50540176357 2.19109385671 0.133050937403 0.0764817891578
35 0.3 0.243119634157 0.342186042174 0.219008333482 2.40107428065 1.54216811752 0.030639774622 0.0236296021133
35 0.3 0.261929636696 0.711028460341 1.0822216329 11.9653220256 10.1879166117 0.263911695268 0.185569658627
35 0.3 0.204234889071 0.286228294524 0.314044998316 5.90171013667 4.31160484617 0.102683142868 0.0707923304628
35 0.3 0.204477536516 0.661672820244 1.08795394205 10.1552650222 8.4462694069 0.247144428009 0.189645198666
35 0.3 0.243491215964 0.322382037262 0.273689596391 23.9502265516 15.1434374487 0.452913749902 0.175572808915
35 0.3 0.256122456971 0.389811805598 0.344632891164 6.38112060377 3.88409679992 0.0991141677322 0.0406851642169
35 0.3 0.221356769149 0.757419159633 1.38655813669 12.6100958775 10.3655188653 0.31803861413 0.232928651792
35 0.3 0.241752690969 0.532968171503 0.555438157493 7.26655226663 6.91166084409 6.62115321618 2.62138788883
35 0.3 0.23150733629 0.494085556282 0.640599910774 25.2898009961 17.8171460426 0.343355711626 0.171021287055
35 0.3 0.220358768527 0.310313727512 0.213225222594 14.762967165 8.95452016547 0.229144027423 0.097802593096
35 0.3 0.288584107024 0.613231531101 0.640795871078 7.98991260572 5.58430129447 0.128557831653 0.0780760845713
35 0.3 0.236757688632 0.470083155127 0.382037162245 4.4614740627 3.01758747326 0.091701473101 0.0582708372581
35 0.3 0.213199122611 0.537383497959 0.820531033694 2.56613477186 2.81559111839 0.111789132615 0.0865288739446
35 0.3 0.251767575078 0.358284341877 0.260136956804 9.88864104578 6.35600936084 0.134088415312 0.0599922046927
35 0.3 0.230991137351 0.256940961991 0.235707795641 18.93930484 11.6597219151 0.336751400699 0.117852708637
35 0.3 0.245582275736 0.331258715286 0.232188143721 22.141904348 15.0266670796 0.329497042962 0.122034281706
35 0.3 0.263255668954 0.377807501464 0.25117000108 22.9846005342 14.1815476334 0.427642668498 0.153509070139
35 0.3 0.251927903196 0.373870289381 0.316303079085 10.6021380416 7.11686049448 0.167616504547 0.0654870228792
35 0.3 0.236984929762 0.282796115889 0.187679251949 4.28431903052 2.6173530409 0.067142593111 0.023009634961
35 0.3 0.23345509643 0.37331198883 0.27198799052 9.14957023774 5.88539787541 0.136284670146 0.0491544374316
35 0.3 0.229615097452 0.356969933457 0.381828363153 10.7469419163 7.53676846846 0.203133260038 0.119643399711
35 0.3 0.262249383546 0.285468648644 0.236482543892 4.93580066416 3.07548126855 0.0770470330449 0.0408162043646
35 0.3 0.220077805022 0.312181037755 0.318924321876 17.3264447339 10.315458822 0.253791303287 0.10516789352
35 0.3 0.240673997452 0.426514150261 0.367133640254 15.5315761476 10.6762468775 0.236229210948 0.108916749008
35 0.3 0.254140525004 0.435962060409 0.363705941991 14.0675532941 8.62629404658 0.238845815992 0.0840595257185
35 0.3 0.222535835145 0.384387157281 0.509586802984 7.52141626234 4.77055445755 0.114308513561 0.067161875165
35 0.3 0.242767638449 0.237206819136 0.199365261708 21.4621910688 14.9923675247 0.319815386697 0.159736977106
35 0.3 0.223545960004 0.453772152091 0.526754094564 20.4690749159 12.0852128148 0.314833254548 0.157250533062
35 0.3 0.219147566405 0.605487440693 0.883936798958 17.2457154745 12.9951715147 6.45569969078 2.6513706636
35 0.3 0.256503172711 0.25572970894 0.182797792834 4.23292474742 2.86491232423 0.0476635353837 0.0391393657959
35 0.3 0.236993971429 0.325800746587 0.31059711257 2.57224744729 1.51873936382 0.0570285063477 0.0287694409963
35 0.3 0.243126717142 0.473461100353 0.540759533033 6.61213309926 4.41565545492 0.125998303608 0.086055337798
35 0.3 0.232829481545 0.336863704769 0.264635800998 10.8529304455 6.98292376486 0.160048858986 0.0790812545839
35 0.3 0.222250875351 0.716893585062 1.09947106089 7.29247470592 5.33662191721 6.30536376128 2.63338890829
35 0.3 0.235238813133 0.475132543141 0.370476138525 12.0936077024 8.4469504245 0.248788537552 0.135360430206
35 0.3 0.237790796937 0.515052215798 0.793770403756 2.9388157682 2.41834957188 0.107108595959 0.057960463185
35 0.3 0.239895421488 0.577432177771 1.00413062436 3.23196107983 3.22234934233 0.150690043725 0.101090095139
35 0.3 0.243280943067 0.402748468328 0.312332420008 5.00300593945 3.9423338815 0.0974170939386 0.0708027201177
35 0.3 0.238440401555 0.600780921112 0.938545083041 4.83468736349 4.87646032453 0.158990665121 0.114253156763
35 0.3 0.238781142958 0.720543906919 1.05243248282 8.71292967439 8.12984850884 0.223457887973 0.163124804587
35 0.3 0.24996098843 0.459537377042 0.471928484637 31.5379990444 21.4843642004 0.454381858226 0.162264927003
35 0.3 0.236015392162 0.404611259026 0.324479551674 14.0293373792 8.47067831652 0.220743491787 0.0831602062817
35 0.3 0.215669840991 0.423709970927 0.610438947219 2.07506258276 2.22350603574 0.0672100686709 0.0558345928003
35 0.3 0.239308268781 0.456128210124 0.577804391975 31.4727414797 19.8938012125 0.65059736643 0.249534094999
35 0.3 0.233535610611 0.36441162487 0.202882245885 4.63956192491 3.25270990292 0.0940906141954 0.0437911342219
35 0.3 0.228876016138 0.383503626965 0.321415606485 10.1515344115 6.90663285025 0.205159925313 0.091319528538
35 0.3 0.230039549853 0.365656442476 0.340266324301 5.39152151412 3.27543169623 0.0865108570804 0.0431892186343
35 0.3 0.241391428396 0.309414246778 0.246132473324 6.02106406206 3.87020211133 0.102779575989 0.0350795804654
35 0.3 0.233058778045 0.678372752006 1.10461464823 7.49172827669 5.7365649941 0.197603058155 0.129227232148
35 0.3 0.26341340836 0.563979535985 0.852631620842 19.5407129107 12.3171952714 0.341660115926 0.143318268259
35 0.3 0.240164922623 0.395529076122 0.317515737451 13.5210212626 8.65948359561 0.218726431133 0.0920271929775
35 0.3 0.250093369364 0.659536397238 1.00587065043 7.63845694007 6.18690549018 0.198793071082 0.145498414418
35 0.3 0.234737756604 0.289515411737 0.250260030928 18.0903119882 10.6769740049 0.28202743411 0.104272616734
35 0.3 0.236925842249 0.482707790483 0.489714550566 2.14329168895 2.13253876688 0.0955379559452 0.0844700359369
35 0.3 0.256035239448 0.782349670002 1.24351231657 11.4648690949 9.76845640618 0.241245671112 0.184402316921
35 0.3 0.285180079091 0.30907091926 0.418598790405 17.1378563249 11.6455965674 0.251902604624 0.0956514083445
