0.0 -0.0 8.36
0.24 2.4 8.42
7.67 2.41 8.38
7.25 0.0 8.28
0.0 0.0 0.0
0.24 0.8 1.65
0.36 1.14 2.48
0.47 1.44 3.09
0.54 1.64 3.62
0.58 1.79 4.05
0.66 1.91 4.44
0.73 2.01 4.77
0.81 2.05 5.08
0.86 2.12 5.38
0.88 2.13 5.64
0.93 2.15 5.91
0.92 2.15 6.13
0.97 2.12 6.34
1.0 2.06 6.57
0.98 2.02 6.77
1.05 1.98 6.93
1.02 1.89 7.16
1.04 1.79 7.32
1.03 1.7 7.47
1.04 1.58 7.65
1.06 1.46 7.76
1.06 1.32 7.9
1.06 1.17 8.03
1.05 1.06 8.17
1.03 0.88 8.25
1.02 0.7 8.31
1.05 0.55 8.43
1.05 0.36 8.53
1.02 0.17 8.59
1.05 0.0 8.68
