107.47313208 240.410549349
52.3894040516 117.191759134
39.7932969831 89.0150701201
33.1645754651 74.1870424004
26.5636070189 59.4210965339
23.8242463806 53.2933213107
20.5925135719 46.0641409114
18.6230662172 41.6586126524
18.4806012278 41.3399275475
14.7685365333 33.0362753216
15.9388783981 35.6542555106
12.9144312205 28.8887598618
12.7569687249 28.5365262912
13.6349588269 30.5005342126
12.0181639001 26.8838669673
10.0732623043 22.5332460072
14.2344626449 31.8415860591
11.0011263844 24.6088188402
10.2925977542 23.0238854347
12.4845553733 27.927154979
9.47283421645 21.1901266279
11.7985349827 26.3925710715
11.4316894107 25.5719608989
10.2965952707 23.0328276244
11.3314073613 25.3476363433
11.1550000388 24.9530244018
11.2417657205 25.147113704
12.3766613406 27.6858029018
11.633493652 26.0233841297
11.2596853925 25.1871988686
