-0.0 -0.0 8.0
-0.0 2.44 7.99
7.32 2.44 7.97
7.32 0.0 7.98
0.0 0.0 0.0
0.16 0.83 1.7
0.19 1.18 2.42
0.33 1.46 3.01
0.62 1.67 3.63
0.44 1.86 3.98
0.56 1.99 4.4
0.53 2.06 4.67
0.63 2.12 4.91
0.64 2.2 5.26
0.75 2.11 5.42
0.68 2.15 5.62
0.67 2.14 5.86
0.8 2.2 6.06
0.86 2.18 6.34
0.88 2.08 6.46
0.92 2.11 6.63
0.87 1.92 6.83
0.88 1.85 6.96
0.85 1.78 7.02
0.89 1.7 7.26
0.9 1.55 7.43
0.84 1.41 7.67
0.93 1.19 7.65
0.95 1.1 7.72
1.01 0.84 7.86
1.12 0.71 7.96
1.13 0.49 7.98
1.07 0.39 8.03
1.07 0.13 8.26
1.01 -0.01 8.32
