109.962968045 245.980153776
46.5683351782 104.170398925
38.7180946614 86.6099110277
41.4635436865 92.7513055844
25.3140616196 56.6259430842
26.7104463913 59.7495668549
16.1513225915 36.1294796364
15.2723741625 34.1633279986
21.1597014851 47.3329041375
12.2821497408 27.4743864743
12.6272263845 28.2463009416
14.0442237686 31.4160338128
14.3492355285 32.0983256874
16.6336747752 37.2084707407
9.22766641371 20.6417018728
10.0928856481 22.5771421771
16.4430115551 36.7819692645
8.55045634632 19.1268260971
5.3316137688 11.9264803237
15.0215611637 33.6022752996
13.1421727663 29.3982031904
16.2620038704 36.3770666059
14.0225991036 31.3676608149
6.42569703565 14.3738748876
17.4971655219 39.140044528
11.5197953159 25.7690481956
12.9107747324 28.880580531
7.44561108208 16.6553576307
19.9428929223 44.6109809055
9.74632508891 21.8019082855
