0.0 -0.0 8.38
0.24 2.4 8.44
7.67 2.41 8.43
7.25 0.0 8.32
0.0 0.0 0.0
0.2 0.84 1.71
0.33 1.18 2.56
0.58 1.43 3.15
0.58 1.65 3.63
0.73 1.79 4.06
0.75 1.9 4.53
0.66 2.03 4.74
0.8 2.05 5.16
0.83 2.15 5.49
0.79 2.15 5.73
0.87 2.1 5.85
0.94 2.11 6.17
1.01 2.05 6.27
1.01 2.04 6.57
0.96 2.04 6.73
1.1 1.96 6.99
1.03 1.91 7.28
1.05 1.8 7.29
1.03 1.71 7.5
0.93 1.53 7.72
0.94 1.43 7.69
1.08 1.41 7.93
1.03 1.23 8.04
1.0 1.07 8.15
1.15 0.94 8.25
1.01 0.74 8.2
0.94 0.57 8.4
1.07 0.39 8.51
0.97 0.22 8.74
1.06 -0.04 8.59
