111.026909788 248.360123672
53.7515931736 120.238889415
39.9553179158 89.3775006245
30.6585175699 68.5811505496
27.4753495748 61.4606065444
27.5754889853 61.6846120256
15.5258584413 34.7303561807
25.5463209919 57.1454925028
19.8922175634 44.4976233561
14.3068625512 32.0035400367
8.72017713361 19.5064806854
18.7766609893 42.002194372
8.4923219206 18.9967830906
17.405473864 38.934936131
9.48312609021 21.2131488938
17.7182907817 39.6346876464
17.7036441968 39.6019241691
6.40727960627 14.3326762714
13.3030868679 29.7581577837
17.2745683272 38.6421087852
5.9009128225 13.1999660368
16.5032048151 36.9166177522
12.3251716157 27.5706236677
11.2505772775 25.1668245955
13.002134517 29.0849465485
14.3605914004 32.1237280495
15.7902132547 35.3217010562
14.4432051634 32.308529774
17.6702191969 39.5271545739
17.9376438841 40.1253665614
