35 2.4 1.79208138651 5.91146725633 12.3463582599 44.7699409487 53.9724511736 1.52890875546 0.672602704748
35 2.4 1.9797308908 2.46756833999 2.49110526588 110.193354841 53.6077880818 1.84606967554 0.716273084128
35 2.4 2.08505239017 3.57538688429 4.09674368777 77.6847024922 41.9974493499 0.941144667389 0.535900469121
35 2.4 1.74513311176 2.82162002614 3.0943759215 135.360070897 67.836382654 2.44234229489 0.858245852933
35 2.4 2.08441188947 3.55779755985 4.6319774353 165.723435686 106.383225601 6.08218376515 3.10998788537
35 2.4 2.18748339728 5.93582271948 9.74212980905 34.9299509603 33.9421561012 1.75232826745 1.41174882052
35 2.4 2.03830741615 3.8691088318 3.74134045269 124.832375268 70.7258480208 2.42535622397 0.944045244828
35 2.4 1.91100965289 3.31888143038 3.10228515296 129.630316496 65.3859267646 2.20136638455 0.740127498634
35 2.4 1.75876545807 4.6044908301 7.85558396668 70.9371140868 61.7165336168 1.57560216468 1.03203957892
35 2.4 1.74036384498 3.07371837769 3.04894228179 26.9306480675 17.42446419 0.56839441576 0.328901055675
35 2.4 1.99129472453 7.21605293932 15.652234056 47.2763780663 50.3064144125 2.54312810948 1.2547782115
35 2.4 1.88613446456 5.92917001631 10.2959656933 25.3715505576 24.4649140683 1.55396229833 1.55384218082
35 2.4 1.87494341305 2.56922240548 1.66632564087 289.361345285 286.926687964 6.62262697012 2.43810707131
35 2.4 1.90792794097 4.18642509091 6.1872645775 91.0111362214 50.4899819682 1.31306198456 0.672360360921
35 2.4 1.77875645268 2.86909683637 2.54604840078 91.9868712686 73.8843958785 1.35131502578 0.569723087479
35 2.4 1.90348231599 3.07949967327 3.74959600285 19.5637560847 18.2179978975 1.90295309675 2.12040507338
35 2.4 1.84707482392 3.43087774802 3.59069753312 80.9626498521 59.7546745772 1.17032841919 0.681481605847
35 2.4 1.87176228548 10.4219362347 32.9943233843 88.4555775724 131.021050139 3.55937309179 1.40448441104
35 2.4 1.69640037337 5.75780334936 11.579791219 33.9421502508 33.3254355009 1.66755049554 0.813648850762
35 2.4 1.94577205733 3.54801558465 3.92092845607 35.4587897961 23.2872228213 5.02893047402 2.33116206854
35 2.4 2.02171212497 7.99576670177 19.1552344801 40.9050976854 44.2035294027 2.5101179724 1.25480238988
35 2.4 1.95959252922 6.23376688937 15.3851580056 40.9335325367 43.1808089536 6.33151069908 2.29320048258
35 2.4 1.93081254415 2.2337987785 1.59610814945 74.4387041813 57.7920657971 0.931061724245 0.332473771325
35 2.4 1.88648272713 4.1448903084 6.11230178793 66.0405154805 51.3317970256 2.87457574723 1.82946475643
35 2.4 1.78764964983 2.33455183647 1.83541143921 40.3617264229 24.417049047 0.764241670964 0.294269870699
35 2.4 2.20539896519 10.2465312933 38.8266330604 69.6428400883 79.3104841529 4.70738168234 1.66804016628
35 2.4 1.82977352755 2.93959728786 2.36710973086 102.579770845 78.8502022183 0.908520385185 0.420598957021
35 2.4 2.07648588506 2.89328495048 3.18626707324 163.884602806 144.93014913 3.30795411281 1.69715396636
35 2.4 1.74988527121 4.69522790559 7.13556162199 147.486220422 155.376696351 2.48218443047 0.698790166397
35 2.4 1.94523188132 2.78779478437 2.33743916699 22.1258727299 16.8126468494 0.282861258549 0.226097849335
35 2.4 2.1669839712 3.74465775161 3.3692617464 43.749858275 38.0335519365 0.980110246183 0.471356966005
35 2.4 1.99384476917 4.12976926209 4.13377018823 41.900030855 36.9863848177 0.908997606516 0.389387248443
35 2.4 2.01093465079 7.02391634936 15.0705050485 144.879672827 129.963489179 2.00577869616 0.800142279362
35 2.4 1.98762838519 2.67461813142 2.77031546746 21.7502431618 17.1625064587 0.397148554783 0.206861761255
35 2.4 1.71656669966 3.14543968841 4.89026137671 18.4799963299 16.1253460637 0.835593130099 0.606405248019
35 2.4 1.82116949321 3.89498552705 4.76575104318 350.718149483 525.589985672 3.4980379402 0.916697523423
35 2.4 1.88459474373 2.338379776 1.81263636541 44.9427143784 26.3729395186 0.713140122031 0.27884803388
35 2.4 2.00720912029 2.7756155002 1.85530905176 25.1456956145 22.3256467745 0.850616826303 0.534000493577
35 2.4 1.94823611098 2.30428614389 1.78200790487 134.518073422 64.2450931815 2.17438466415 0.718988252042
35 2.4 1.79499980797 2.42100217158 2.14013603189 7.6808929493 8.320318633 0.231062243125 0.194462639504
35 2.4 2.06467954013 5.93431274906 10.030675068 60.3769687706 46.6056688768 1.84849832505 0.943693658579
35 2.4 1.95024651323 3.4268443762 3.82050919356 103.340220048 67.6993614389 26.8679122863 78.0583489978
35 2.4 1.85651157498 2.54947111136 2.93629843316 9.37067180998 9.34121651764 0.464269787245 0.298462671234
35 2.4 1.77747835631 3.51300020121 5.20540883446 100.947852848 92.2308104054 1.8461585854 0.547561991584
35 2.4 1.81442597775 2.74808189693 2.24246703374 85.9737482693 46.1638117788 1.89862365245 0.62201286478
35 2.4 1.93548751968 3.73441483537 5.00136940781 119.010004404 109.690855509 2.65224399386 0.931179502909
35 2.4 2.18379595757 2.93912745974 2.77808148054 8.96657278951 8.62308464549 0.210990823233 0.276550769543
35 2.4 1.84393665461 4.17273326635 6.71909687062 25.8608790757 27.1766518647 6.28164334469 2.15768379961
35 2.4 1.97092419614 4.97768733952 8.70115206451 124.561960534 103.378713873 1.96011641929 1.16436960425
35 2.4 2.05447249708 4.0553591236 5.62995249228 82.3490333168 45.0194959296 1.07804940452 0.653575540226
35 2.4 1.96244952628 8.05125453555 20.6596176931 46.5608812562 48.056586462 6.36175342949 2.5403856194
35 2.4 1.86831476383 2.49368573841 2.79258954365 117.18203621 99.3553713703 3.53135115386 1.85814869443
35 2.4 1.95607386523 3.64369508012 3.79914895191 173.951687475 74.8801494661 3.17718415724 1.00836604685
35 2.4 1.96747411262 2.99774647043 2.51333066968 156.256817694 80.4039265856 3.26033926796 1.08050790891
35 2.4 1.894621865 4.9546538619 8.343311962 207.155704133 252.289893053 3.2587549437 0.995479408431
35 2.4 1.79646309325 2.11887699224 1.7827986261 25.2415569228 17.4293615187 0.307640572242 0.155299286441
35 2.4 1.8368100559 3.61490410624 5.67532360376 14.1825277879 12.8551223169 0.723360354031 0.595765805186
35 2.4 1.93762334088 5.01498193167 8.10612910984 67.0586571365 42.8499720293 1.17854460335 0.824073022298
35 2.4 1.78209050937 5.42968474542 10.5647808089 159.639925889 182.290459593 3.63888649267 1.24803576456
35 2.4 1.69686365425 2.89751231714 4.49056031499 34.65079289 33.05656942 0.911587375949 0.445186675125
35 2.4 1.96786245399 2.81991024931 2.2177601555 24.0770670193 16.3941843549 0.263239705596 0.129409850481
35 2.4 1.80813998994 4.5386976622 6.97766904124 164.546341108 179.359925199 2.62411078136 0.725858250725
35 2.4 1.8047511818 2.9684901355 2.73645608731 75.0372950989 43.2816629062 1.50961421348 0.607550748684
35 2.4 2.207173133 4.09970160858 2.88863745845 128.871331613 68.4502842594 2.62668173347 0.916633776697
35 2.4 1.76710527151 2.68923933346 2.72210277646 33.7202233301 26.1638330509 0.704722132475 0.568574558497
35 2.4 1.98312337364 2.91684241449 2.73529070075 47.828235334 35.6473727107 1.05812410422 0.639171270058
35 2.4 1.65075948012 4.04906436411 8.47577339132 164.950384475 78.8643290721 1.86959690091 0.903436895069
35 2.4 1.8321044716 3.4336683412 3.69541192662 128.718627445 82.2892532683 4.67824451124 2.34289632568
35 2.4 1.80471716107 3.17395423212 3.1954455155 43.404001969 34.617673562 0.803083799129 0.372694298312
35 2.4 1.82052466232 5.53950140163 12.8174056258 31.4778168073 36.8515723477 1.44037226165 0.937966393743
35 2.4 1.76801672283 5.86339284654 14.5429633537 33.4859675597 38.2787168903 1.32488249777 1.02987272706
35 2.4 1.96616046409 3.4837285562 3.65276236752 17.3899061496 18.0920151997 0.643152276284 0.533345851079
35 2.4 2.02517556966 3.11683097706 2.76698059276 72.4557731681 38.3076561431 1.18213153456 0.412967982323
35 2.4 1.98427786483 3.96132765145 5.05331271282 21.7436444091 25.4251281949 1.50012559622 1.75556306524
35 2.4 2.14316823719 5.52445460136 9.88474798094 34.3346331214 40.958036236 1.33931058224 0.710005373806
35 2.4 1.91738434714 3.3273105977 3.87712846873 10.931062412 9.21146843886 0.579180028104 0.421800849269
35 2.4 2.47559645476 5.96999048856 7.93384560254 50.1973983449 49.4624869377 2.8597925114 1.15639422724
35 2.4 1.96234723299 4.64880116716 6.5285136286 1040.34989218 1059.90311556 35 2.4 2.1175046253 3.70178879062 3.07505343139 26.8667745454 19.263601248 0.305652292017 0.158215946036
35 2.4 2.24643023115 6.10072833408 12.3420522997 58.0496630232 59.7012902737 2.11237613857 1.57392281454
35 2.4 1.91577148351 10.1350404866 34.294970005 72.1873620747 67.5685575892 3.59963148349 1.70523956017
35 2.4 1.85812892599 2.61417926428 2.00680509146 74.6524909403 56.7648185432 0.796752967171 0.474919682056
35 2.4 2.01676935753 4.21070774293 4.34500710573 177.777577802 176.491507911 2.46999856352 0.645645337759
35 2.4 1.98150423344 4.81294791105 6.52904763905 48.1435082166 27.8227504885 0.822139979839 0.507993589855
35 2.4 1.75746542345 3.20376434937 4.41461462765 68.825921449 38.1320568769 1.20869668888 0.528446541546
35 2.4 1.99822354826 4.2200767224 4.49341292733 11.0948043714 9.59193588452 0.575926646252 0.442444965712
35 2.4 1.96887083446 10.7398005554 35.7896904143 76.9091335677 66.7423484388 3.79551566797 1.70158885616
35 2.4 1.99519160372 11.2179151349 37.3938516232 75.3106347983 92.1250978271 6.20831272394 2.70269391389
35 2.4 1.94543245204 2.4071933925 2.09764091538 86.4821186036 68.8548419852 0.902494824317 0.438528822742
35 2.4 2.1257164369 3.03553227285 1.8006224715 166.672894415 147.217918092 1.92963416998 0.533253019975
35 2.4 2.01448369709 4.55486973986 6.34600604177 87.214830792 60.449862972 3.98848518115 2.22864638844
35 2.4 1.88838383171 3.70068461937 4.10724902168 75.8752208008 58.0971048838 0.946460389141 0.591775513056
35 2.4 2.11995626994 3.77064552383 4.39878398564 20.8988832242 21.5696535466 0.888066621874 0.457852673879
35 2.4 1.92586638152 3.13871602108 4.36756137899 93.2757463992 47.9485093893 1.44214679431 0.63684602772
35 2.4 2.0259461422 8.53337440909 24.3565751485 38.8220776107 39.6305505636 2.08813376502 1.29613934278
35 2.4 1.8238868846 8.63163904028 22.7205486859 43.3443920888 52.5032812813 2.65822548211 0.847487130489
35 2.4 2.16631187698 3.15767304659 2.70870379641 262.243259068 247.729762442 2.02513304111 0.857560081126
35 2.4 2.07225114689 3.15850181388 3.44187314516 63.6865408653 49.3613370263 3.95394935747 2.26356768122
35 2.4 2.01247423425 6.10919719417 11.7059305819 74.1369170299 49.4538659562 1.40930322984 0.952115419232
