35 1.2 1.06009920149 8.52339406633e-05 0.0298684558399
35 1.2 1.02379981803 8.63341230618e-05 0.0321986846111
35 1.2 0.915009022696 8.55041079328e-05 0.034594246163
35 1.2 1.07742905195 8.31119599705e-05 0.0350918777221
35 1.2 0.923321025263 8.81839002876e-05 0.030946808527
35 1.2 0.851000420879 8.13428574014e-05 0.0265048759221
35 1.2 1.00766929896 8.52013820291e-05 0.0302835717927
35 1.2 1.00716158101 9.11073607085e-05 0.0310461400491
35 1.2 0.92494296508 8.10793179781e-05 0.0326131919658
35 1.2 0.97903319715 8.85226190789e-05 0.0338019563776
35 1.2 0.92201408105 9.09878583295e-05 0.0283447122174
35 1.2 0.917418022526 8.75290926067e-05 0.0295524544253
35 1.2 0.980119102747 8.43910148627e-05 0.0297404083327
35 1.2 0.929127567912 8.39122061789e-05 0.0313725331411
35 1.2 0.892151937156 8.47466222861e-05 0.0250266438763
35 1.2 0.940056545446 8.71915600128e-05 0.0478996211492
35 1.2 0.888043697652 8.57568747007e-05 0.0249922405736
35 1.2 0.995148457743 8.70311163413e-05 0.0381674898357
35 1.2 1.01460690685 8.59138006126e-05 0.039692824301
35 1.2 0.993932231024 8.64334590993e-05 0.0314291387123
35 1.2 0.989076731721 8.35455453521e-05 0.0297501659186
35 1.2 0.968184331933 8.49943247742e-05 0.0322368643705
35 1.2 0.944913337705 8.50665506666e-05 0.0436460016072
35 1.2 1.03775589074 8.32387835555e-05 0.0303958908995
35 1.2 0.879282490892 8.61577956551e-05 0.0270813715601
35 1.2 0.958307026082 8.40564562334e-05 0.0300552692481
35 1.2 0.919222417435 8.62080402708e-05 0.0321318971798
35 1.2 1.06548184287 8.93020123713e-05 0.0306138858481
35 1.2 0.98774309814 8.4219808231e-05 0.0330949686249
35 1.2 0.939122413455 8.12513474338e-05 0.0292188301939
35 1.2 0.923686907842 8.53918944343e-05 0.0306770463492
35 1.2 0.930951099714 8.51163926878e-05 0.0298383020608
35 1.2 1.03196908101 8.54537123787e-05 0.0334963170632
35 1.2 1.07368336034 9.00464754321e-05 0.0344403761767
35 1.2 0.982589163769 8.95350098516e-05 0.0287148632724
35 1.2 1.09943197675 8.9339169148e-05 0.0325810460155
35 1.2 1.00514778886 8.02260227626e-05 0.0276728282588
35 1.2 0.936770484303 8.68306838881e-05 0.0269368328384
35 1.2 0.916536608042 8.42363471647e-05 0.0330048515328
35 1.2 0.848836310065 8.40335415122e-05 0.0267317251868
35 1.2 0.902051513042 8.91678928021e-05 0.0346697077725
35 1.2 0.91096100604 8.7880544305e-05 0.026434104098
35 1.2 0.978549158471 8.31309477074e-05 0.0274381012382
35 1.2 0.831426252148 9.25204664836e-05 0.0268228444887
35 1.2 0.924440366255 8.52891303817e-05 0.0365418463216
35 1.2 1.03487141209 8.33556204832e-05 0.0315387885437
35 1.2 1.05827859828 8.37708030119e-05 0.0408791608343
35 1.2 1.03166650584 8.93950089848e-05 0.0428719672193
35 1.2 0.894333158868 8.617081463e-05 0.027752465164
35 1.2 0.750350940036 8.53529987551e-05 0.0215923352388
35 1.2 0.982519728382 8.47312871496e-05 0.0292511505408
35 1.2 1.00340967273 8.21902595371e-05 0.0286427898253
35 1.2 0.937676053045 9.23030875169e-05 0.0277388005735
35 1.2 0.889524799624 8.50962261901e-05 0.0286280526427
35 1.2 0.95770634213 8.62482661654e-05 0.0266259148512
35 1.2 0.841260148543 8.75401849115e-05 0.0248788189291
35 1.2 0.8647883396 8.85096819821e-05 0.0291030053074
35 1.2 0.839960976677 8.10981913935e-05 0.0244867234077
35 1.2 0.891965067914 8.5361377567e-05 0.0342801576249
35 1.2 0.879037143473 8.51514810013e-05 0.05320004048
35 1.2 0.948416852351 8.94584598802e-05 0.0318164334206
35 1.2 0.958000611155 8.66089428741e-05 0.0305434340617
35 1.2 1.01572261897 8.84938885662e-05 0.0289488820335
35 1.2 1.03437036293 8.95103156453e-05 0.0330585440124
35 1.2 0.901940480034 8.62942458527e-05 0.0342566628778
35 1.2 0.950330972841 8.81328399529e-05 0.0277220948141
35 1.2 0.957192523084 8.52232358391e-05 0.0310578165687
35 1.2 0.836878007476 8.60747522177e-05 0.0250679769956
35 1.2 0.946302093901 7.9554824568e-05 0.0297378687909
35 1.2 1.04663309815 8.58090542012e-05 0.0281053449521
35 1.2 0.996307512068 8.46218093489e-05 0.0313337355138
35 1.2 0.973703340366 8.72757429285e-05 0.0299937092156
35 1.2 0.977732017779 8.69749140881e-05 0.0402077782529
35 1.2 1.08440492128 8.45862052256e-05 0.0367056148802
35 1.2 0.940228955697 8.61992649837e-05 0.0303819736227
35 1.2 0.938241267465 8.08119786311e-05 0.0276333996483
35 1.2 0.924285589463 8.41201369173e-05 0.0287872189306
35 1.2 0.886316636475 8.4180858638e-05 0.0298827192102
35 1.2 0.996950857868 8.95120658678e-05 0.0374501316932
35 1.2 0.969462524017 8.38588844614e-05 0.0368620275859
35 1.2 1.0345743846 8.49069945972e-05 0.0323328682234
35 1.2 0.950162606862 8.27824189398e-05 0.0270141853803
35 1.2 0.970632855071 8.7876014079e-05 0.0279749103651
35 1.2 0.857169751865 8.67013594469e-05 0.0392229835394
35 1.2 0.893286919849 8.69441399757e-05 0.0310072967979
35 1.2 0.965885806238 8.59793991613e-05 0.0336381867804
35 1.2 0.967813343663 8.13948751131e-05 0.0283916582903
35 1.2 0.899470443978 8.52915604992e-05 0.026973758029
35 1.2 0.980855313859 8.38393787361e-05 0.0268396044259
35 1.2 0.91988366157 8.34658865981e-05 0.0294129515618
35 1.2 0.941386776067 8.68573094208e-05 0.0279098382078
35 1.2 0.92071397418 8.16608311515e-05 0.0322588203831
35 1.2 0.950588632578 8.70565515999e-05 0.0318919396218
35 1.2 1.10992146642 8.5728806102e-05 0.0345770993235
35 1.2 0.939893976063 8.86566270528e-05 0.0416541970426
35 1.2 0.87586413831 8.51563413494e-05 0.0262922789392
35 1.2 0.962775499778 8.90329447908e-05 0.035711597781
35 1.2 1.00336858644 8.31543713968e-05 0.0323850256745
35 1.2 0.940648826593 8.18431664747e-05 0.0296540968444
35 1.2 0.933725852095 8.88919067272e-05 0.0260956603112
