-0.0 0.0 8.34
0.24 2.4 8.4
7.67 2.41 8.35
7.25 -0.0 8.25
0.0 0.0 0.0
0.23 0.8 1.67
0.37 1.13 2.45
0.53 1.44 3.08
0.49 1.62 3.6
0.65 1.77 4.02
0.69 1.9 4.46
0.75 2.0 4.73
0.79 2.05 5.05
0.79 2.12 5.31
0.83 2.12 5.64
0.93 2.15 5.89
0.91 2.13 6.1
0.95 2.13 6.29
0.93 2.03 6.51
1.01 2.06 6.71
1.04 1.97 6.92
1.0 1.89 7.11
1.06 1.8 7.33
1.04 1.7 7.44
1.05 1.57 7.62
1.06 1.44 7.73
1.01 1.3 7.9
1.03 1.23 7.99
1.03 1.03 8.15
1.07 0.85 8.23
1.06 0.71 8.31
1.08 0.55 8.46
1.06 0.34 8.52
1.02 0.17 8.58
1.08 0.0 8.63
