107.907452981 241.382097535
50.1601832158 112.205134149
41.4446462113 92.7090331362
31.979639757 71.5364167135
27.6378840127 61.8241857267
26.6292643291 59.5679677537
17.2897296373 38.67602367
18.8640434349 42.1976633356
15.5110355614 34.6971983428
19.2927185663 43.1565822938
15.7103955846 35.1431540134
12.375175381 27.6824789048
11.3578083465 25.4066936651
14.0716726596 31.4774352332
12.8715073582 28.7927419166
13.3400616259 29.8408679617
12.1039534228 27.0757726639
14.528360697 32.4990172772
8.55004101639 19.1258970306
13.1739703974 29.4693324652
9.73605100404 21.7789258122
13.169049351 29.4583243982
6.44012609931 14.4061517837
14.6956865208 32.8733144849
11.8053648582 26.4078490679
9.23915136212 20.6673929707
12.9298470373 28.923244062
12.7104375614 28.4324390428
10.656942136 23.8389006045
10.8280471524 24.2216516251
