1266.5 -349.5 1 1
1266.5 -344.5 2 2
1266.5 -336.5 4 3
1267.0 -300.5 4 4
1258.5 -311.5 7 5
1171.0 -403.5 14 6
1190.0 -416.5 15 7
1124.5 -390.0 15 8
1247.5 -337.0 15 9
1217.0 -311.0 15 10
1179.5 -413.5 16 11
1078.0 -377.5 16 12
1230.5 -376.5 16 13
1196.0 -356.5 16 14
1212.5 -309.0 16 15
1235.0 -376.5 17 16
1034.5 -365.5 17 17
1196.5 -367.0 17 18
1204.5 -298.0 17 19
1172.0 -427.0 18 20
1228.5 -379.5 18 21
1199.0 -375.0 18 22
995.0 -354.5 18 23
1179.5 -430.0 19 24
1207.5 -419.5 19 25
1227.0 -374.0 19 26
1188.0 -366.0 19 27
956.5 -342.0 19 28
1205.5 -419.5 20 29
919.5 -333.0 20 30
1220.0 -315.0 20 31
1198.0 -422.0 21 32
1222.5 -372.5 21 33
1191.5 -374.0 21 34
885.0 -326.0 21 35
1186.5 -370.0 22 36
852.0 -320.0 22 37
1210.5 -377.5 23 38
1179.0 -361.5 23 39
1211.5 -340.5 23 40
819.0 -313.5 23 41
788.5 -309.5 24 42
1165.0 -361.0 25 43
758.5 -303.0 25 44
1193.5 -427.5 26 45
731.0 -300.5 26 46
704.0 -296.5 27 47
678.0 -293.0 28 48
654.0 -291.0 29 49
1222.0 -368.0 30 50
1243.0 -339.5 30 51
630.0 -289.5 30 52
1249.0 -338.0 31 53
606.5 -289.5 31 54
1233.0 -421.5 32 55
1217.5 -369.5 32 56
1189.5 -337.0 32 57
1253.5 -338.5 32 58
585.0 -288.0 32 59
1241.0 -427.0 33 60
1257.0 -337.5 33 61
564.5 -286.0 33 62
1270.5 -347.5 34 63
545.0 -287.0 34 64
525.0 -288.5 35 65
506.0 -288.5 36 66
488.0 -289.5 37 67
1222.0 -362.0 38 68
470.0 -291.0 38 69
1192.5 -421.5 39 70
454.0 -293.5 39 71
1225.5 -295.5 39 72
1195.0 -422.5 40 73
436.5 -296.0 40 74
1202.0 -421.0 41 75
421.0 -298.5 41 76
1210.0 -421.0 42 77
405.5 -302.5 42 78
1219.0 -420.5 43 79
390.5 -304.0 43 80
1225.5 -421.5 44 81
1227.0 -372.0 44 82
377.5 -309.0 44 83
1232.0 -420.0 45 84
363.0 -311.5 45 85
1244.5 -306.0 45 86
350.0 -315.5 46 87
1259.0 -426.0 47 88
1243.5 -369.5 47 89
337.0 -319.5 47 90
1263.0 -422.5 48 91
1246.5 -362.0 48 92
324.0 -324.0 48 93
1252.0 -304.5 48 94
1264.5 -421.0 49 95
1260.0 -372.5 49 96
312.0 -329.5 49 97
300.5 -333.5 50 98
1270.0 -406.0 51 99
1253.0 -370.0 51 100
288.5 -338.5 51 101
1257.5 -369.5 52 102
277.0 -343.0 52 103
266.5 -349.0 53 104
256.5 -353.5 54 105
1254.5 -360.5 54 106
245.5 -359.5 55 107
1259.0 -363.0 55 108
1267.0 -330.5 55 109
235.5 -365.0 56 110
1262.0 -371.0 56 111
1264.5 -332.5 56 112
1266.0 -335.0 57 113
216.5 -377.5 58 114
1268.5 -282.5 58 115
207.0 -386.0 59 116
199.0 -393.0 60 117
1260.0 -372.5 60 118