659.607843137 1320.78431373
669.126213592 1301.74757282
678.461538462 1283.07692308
696.603773585 1246.79245283
705.420560748 1229.1588785
658.518518519 1267.40740741
659.607843137 1261.96078431
658.518518519 1211.85185185
718.431372549 1320.78431373
714.074074074 1267.40740741
718.431372549 1261.96078431
714.074074074 1211.85185185
687.619047619 1264.76190476
722.568807339 1194.86238532
730.909090909 1178.18181818
739.099099099 1161.8018018
747.142857143 1145.71428571
762.807017544 1114.38596491