629.898989899 370.101010101
624.771573604 375.228426396
619.591836735 380.408163265
609.072164948 390.927835052
603.730569948 396.269430052
629.898989899 400.404040404
629.583333333 370.416666667
629.583333333 401.666666667
599.595959596 370.101010101
599.595959596 400.404040404
598.333333333 370.416666667
598.333333333 401.666666667
614.358974359 385.641025641
592.879581152 407.120418848
587.368421053 412.631578947
581.798941799 418.201058201
576.170212766 423.829787234
564.731182796 435.268817204