107.465482979 240.393438799
52.9125505383 118.362004496
39.6285913749 88.6466341681
32.1008672855 71.8075949715
27.114533325 60.6534835812
23.5372032064 52.6512240176
20.8443050337 46.6273823698
18.7536151496 41.9506422969
17.097372901 38.2457339059
15.7684122217 35.2729335344
14.6942937056 32.870198846
13.8228065503 30.9207376019
13.1156971984 29.3389790316
12.5432111715 28.0583642627
12.0817503064 27.026105707
11.7131817908 26.2016414193
11.4233784258 25.5533697552
11.2017301856 25.0575567629
11.0400998509 24.6960000017
10.9328291168 24.4560422037
10.8755123352 24.3278282149
10.8638439196 24.3017267126
10.8940534825 24.3693035802
10.9608158057 24.5186466438
11.0591623798 24.7386416645
11.1828334388 25.0152859444
11.3257166017 25.3349064765
11.4819664136 25.6844273511
11.6458222586 26.0509624372
11.8127050325 26.4242685704
