10.0 4.72222222222
8.61111111111 4.72222222222
11.9230769231 4.61538461538
10.0 2.69230769231
10.0 3.33333333333
8.61111111111 3.33333333333
11.9230769231 2.69230769231
10.0 4.61538461538
10.0 3.87096774194
10.0 2.58064516129
10.0 5.16129032258
10.0 4.83870967742
10.0 4.51612903226
10.0 4.1935483871
10.0 3.54838709677
10.0 3.22580645161
10.0 2.90322580645
10.0 4.44444444444
10.0 4.28571428571
10.0 4.13793103448
10.0 4.0
10.0 3.75
10.0 3.63636363636
10.0 3.52941176471
10.0 3.42857142857
11.4814814815 4.44444444444
11.0714285714 4.28571428571
10.6896551724 4.13793103448
10.3333333333 4.0
10.0 3.87096774194
9.6875 3.75
9.39393939394 3.63636363636
9.11764705882 3.52941176471
8.85714285714 3.42857142857
8.85714285714 4.57142857143
9.11764705882 4.41176470588
9.39393939394 4.24242424242
9.6875 4.0625
10.3333333333 3.66666666667
10.6896551724 3.44827586207
11.0714285714 3.21428571429
11.4814814815 2.96296296296
10.0 2.96296296296
10.0 3.21428571429
10.0 3.44827586207
10.0 3.66666666667
10.0 4.0625
10.0 4.24242424242
10.0 4.41176470588
10.0 4.57142857143