-0.0 -0.0 8.0
0.0 2.44 8.0
7.32 2.44 7.99
7.32 -0.0 7.99
0.0 0.0 0.0
0.22 0.81 1.64
0.31 1.22 2.43
0.36 1.47 3.04
0.43 1.68 3.52
0.49 1.85 3.94
0.54 1.97 4.29
0.56 2.09 4.64
0.63 2.14 4.92
0.65 2.17 5.2
0.67 2.19 5.44
0.69 2.24 5.68
0.73 2.19 5.91
0.76 2.18 6.1
0.77 2.14 6.31
0.81 2.09 6.49
0.86 2.01 6.64
0.87 1.93 6.82
0.86 1.84 6.97
0.89 1.75 7.13
0.91 1.61 7.25
0.92 1.5 7.37
0.93 1.38 7.53
0.94 1.22 7.64
0.94 1.08 7.75
0.99 0.91 7.85
0.98 0.73 7.99
1.0 0.57 8.06
1.01 0.36 8.15
1.01 0.17 8.22
1.04 -0.03 8.28
