106.664151777 238.600911953
51.9299659356 116.16402534
38.631540816 86.4162955899
30.5062264935 68.2404851142
26.6556067838 59.6268941467
21.5218912134 48.1430994848
21.3413154111 47.7391629194
17.2529784112 38.5938135187
16.3359332396 36.5424418946
14.0426872077 31.4125966241
13.930024498 31.1605773203
13.7364290581 30.7275166551
11.6953041903 26.1616503659
12.3039609125 27.523176676
11.1394037036 24.9181363935
10.0508222004 22.4830489244
11.8671599255 26.5460806967
9.69612102619 21.6896049957
11.1759510075 24.9998903839
10.9430296621 24.4788601737
9.31367872828 20.8341059407
11.5795076267 25.9026208305
11.3255639023 25.3345648978
10.4797156083 23.4424561532
11.2879719357 25.2504740634
13.8360798104 30.9504290392
10.1513152625 22.7078455019
13.1723564547 29.4657221783
11.7317530259 26.243184089
12.113946997 27.0981276528
