881.0 -434.0 1 1
1014.5 -394.0 1 2
1058.5 -466.0 2 3
995.0 -457.5 2 4
878.5 -434.0 2 5
1029.5 -347.5 2 6
973.5 -335.5 2 7
997.5 -458.0 3 8
874.5 -432.5 3 9
1048.0 -446.5 3 10
1022.5 -347.0 3 11
966.0 -336.0 3 12
1005.5 -460.5 4 13
873.0 -432.0 4 14
963.5 -355.0 4 15
961.5 -324.5 4 16
867.0 -430.0 5 17
1009.5 -348.5 5 18
867.0 -438.5 6 19
997.0 -355.5 6 20
863.5 -433.0 7 21
1015.5 -437.0 7 22
860.0 -433.0 8 23
859.0 -432.0 9 24
1000.0 -442.5 9 25
1006.0 -456.0 10 26
856.5 -431.5 10 27
1003.0 -455.0 11 28
852.0 -433.0 11 29
943.5 -444.5 12 30
849.5 -431.5 12 31
898.5 -374.0 12 32
912.0 -323.5 12 33
932.0 -446.0 13 34
848.0 -432.0 13 35
844.5 -430.0 14 36
854.0 -364.0 14 37
843.5 -430.5 15 38
938.5 -356.5 15 39
841.5 -430.5 16 40
912.5 -405.5 16 41
839.0 -428.0 17 42
913.0 -348.0 17 43
835.5 -431.5 18 44
834.5 -430.5 19 45
919.5 -416.0 22 46
825.0 -317.0 22 47
910.0 -407.5 23 48
818.0 -429.5 25 49
862.5 -356.5 25 50
758.0 -341.0 29 51
797.5 -435.0 30 52
694.0 -393.0 30 53
749.0 -346.5 30 54
794.5 -429.0 31 55
658.5 -382.0 31 56
765.0 -307.5 31 57
630.5 -370.0 32 58
601.5 -360.5 33 59
753.5 -304.0 33 60
576.0 -352.5 34 61
793.5 -317.0 34 62
752.0 -304.5 34 63
552.5 -346.0 35 64
733.0 -341.5 35 65
532.0 -343.0 36 66
720.5 -346.0 36 67
777.0 -316.5 36 68
747.5 -302.5 36 69
711.5 -410.5 37 70
513.0 -339.5 37 71
712.5 -343.0 37 72
753.5 -308.5 37 73
711.5 -417.0 38 74
495.5 -339.0 38 75
753.0 -310.5 38 76
711.0 -422.0 39 77
479.5 -334.5 39 78
466.0 -334.0 40 79
719.5 -304.5 40 80
452.0 -332.5 41 81
440.0 -332.0 42 82
715.0 -332.5 42 83
429.5 -333.5 43 84
419.5 -333.5 44 85
711.5 -329.0 44 86
409.5 -336.0 45 87
710.0 -325.0 45 88
401.0 -335.5 46 89
710.0 -326.0 46 90
393.0 -336.5 47 91
714.5 -429.5 48 92
386.0 -338.0 48 93
715.5 -343.0 48 94
672.0 -422.5 49 95
379.0 -341.0 49 96
667.0 -424.5 50 97
372.5 -343.5 50 98
663.0 -432.0 51 99
367.5 -345.5 51 100
661.0 -434.5 52 101
361.5 -348.0 52 102
357.5 -351.5 53 103