35 0.6 0.498618667595 0.748912425107 0.623921969878 30.3799757696 18.2880310574 0.562946672573 0.20492572285
35 0.6 0.44611780701 0.853478460646 1.17442432976 29.4971692451 16.7673565652 0.494711731552 0.232942872704
35 0.6 0.405469554366 0.582984019757 0.420413249079 29.2203375369 20.1116771115 0.376607420993 0.16916625326
35 0.6 0.514781071926 1.45091370348 2.75307559962 39.6443459158 32.3210639452 0.655489465015 0.324420901078
35 0.6 0.463508819062 0.737769199435 0.739177508868 22.5694645544 13.7154710649 0.301616129975 0.20104446976
35 0.6 0.50394580561 0.951589410978 1.29216109426 14.929442922 12.7628462523 0.323442770366 0.212040167951
35 0.6 0.461025995473 0.786944054822 0.513077392335 62.4499827885 33.8565531413 1.09752487334 0.369431225371
35 0.6 0.51166166015 0.561879551096 0.454294428642 12.1602835496 7.29951282969 0.204979735344 0.0771873430099
35 0.6 0.470581462778 0.73927010731 0.956907352317 4.32646844433 3.88643350816 0.207243553464 0.147862573099
35 0.6 0.500259905759 1.45473012212 2.38281025081 76.8816518327 50.9953097507 6.59936538038 3.52502755394
35 0.6 0.479724738733 0.669501480287 0.555186670009 64.2479643019 35.2651837062 1.23516455561 0.443747474262
35 0.6 0.551781617263 0.664508564658 0.487751222315 59.1880134726 33.6874239129 1.17692915915 0.402994437963
35 0.6 0.445473702425 0.734613931171 0.517975182396 7.16105164172 4.525032693 0.110907646314 0.0535948590346
35 0.6 0.466609872485 0.709226863367 0.557672087016 3.89069820256 2.57746904439 0.0783973425451 0.0289538963632
35 0.6 0.472835499848 0.765282610868 1.12669712758 46.7710021021 28.3941418754 0.866648713751 0.357994510844
35 0.6 0.432971169232 0.58559049502 0.518458485212 20.5193722306 13.7663309071 0.298585504462 0.10805497112
35 0.6 0.44155874459 0.759133797494 0.892285240531 23.8626539789 18.0179724478 0.368811997687 0.258027256878
35 0.6 0.511363876021 1.15288572998 1.28587777445 4.43117191794 4.33062758227 0.152657542298 0.125933328622
35 0.6 0.432641482324 0.567018494522 0.590220734078 25.6457439434 18.8565996597 0.378349894714 0.240539513501
35 0.6 0.505431043772 0.695073013261 0.541322871296 23.0218243539 15.1964877449 0.327948645935 0.158744960818
35 0.6 0.483007798271 0.927823610973 1.30020835469 59.0629347825 32.2414921013 1.00260291043 0.381241502694
35 0.6 0.444458162252 0.930677228176 1.05573797068 8.08528821198 5.59699369628 6.37813226738 2.57466491672
35 0.6 0.53283114082 1.2172244181 1.90307930654 17.1449362834 10.8890012623 0.329929066576 0.211518158078
35 0.6 0.462563005163 0.579971807223 0.598691581378 71.3096939885 52.60765691 0.733357214893 0.324492309661
35 0.6 0.487081033614 0.822764926876 0.763040038381 8.54146408363 6.1235480616 0.166485765226 0.108256412049
35 0.6 0.484250115874 0.978623707746 1.28463455788 37.87215546 22.1485645057 0.650941659468 0.28948414054
35 0.6 0.431000221259 0.761277093843 0.707360988918 29.5262193888 17.6532909262 0.517717054181 0.214752880394
35 0.6 0.53324708822 1.4141234526 2.66727034793 21.2096351635 17.7411884596 4.95469956741 2.53011348078
35 0.6 0.49236133936 0.683008286465 0.549738522019 39.3012496116 27.1923448209 0.537011044338 0.196154367944
35 0.6 0.491241512081 1.47393204046 2.71602051145 30.2531320891 25.1695138981 0.573576196138 0.300996021538
35 0.6 0.485266248359 1.62034201402 3.0632825554 68.6630371856 55.887462651 0.978403826298 0.319306196124
35 0.6 0.525516429918 1.22407564568 1.69787730538 16.7908102251 16.7462537525 0.46420110099 0.322130578412
35 0.6 0.456079860352 0.622640631685 0.501560268619 2.64514797038 2.14372989435 0.0415737230699 0.032797845034
35 0.6 0.486604666416 1.10786418032 1.76481479195 45.04248315 35.7399793653 0.741028913547 0.352095775954
35 0.6 0.472639453032 0.604029570952 0.481734486222 25.0582071715 15.3010220957 0.503007094185 0.174311540251
35 0.6 0.464666364068 0.656723021144 0.520411031995 50.2263221403 36.5960890074 0.584259678904 0.260013734049
35 0.6 0.371272237483 0.918611444582 1.67941890205 47.8417474278 36.4753326258 0.587424026515 0.31641805776
35 0.6 0.497506608963 1.00835472199 1.51441787678 16.9123816522 12.0706745899 0.301233846812 0.191532420366
35 0.6 0.477590015164 0.768479118618 0.512160181163 64.5963907417 46.3223985568 6.53860184971 2.46184354846
35 0.6 0.475340328509 1.21763770135 1.76271602811 5.11639727645 5.42085315345 0.268226038914 0.157993518308
35 0.6 0.490422700297 0.81380376675 0.742478946108 65.9573608508 48.1553329872 0.710259702782 0.280878468417
35 0.6 0.502114915582 0.737764857067 0.469222983698 26.0792604436 15.8359273957 0.455796876751 0.159042090706
35 0.6 0.451317575488 1.18871557064 1.69803095721 4.39854819249 4.10153413077 0.181632960577 0.118742261277
35 0.6 0.541565204212 0.877249737404 1.13253265505 15.6876836451 15.1960811612 0.417074228891 0.294657973412
35 0.6 0.483644084336 0.602551765908 0.523776261706 3.61454921207 3.65192565845 0.155252157787 0.103995912978
35 0.6 0.473699360952 1.15858745191 1.75032287839 15.5369697202 10.2351081473 0.330405956707 0.207373433505
35 0.6 0.539384348791 0.988963331448 0.979959071035 35.3440267251 24.2448672976 5.95861519828 2.95111683441
35 0.6 0.508275289958 0.912419849296 1.1337755835 22.495172081 14.6086533155 0.4049882503 0.162942240626
35 0.6 0.497995182998 1.52473323528 2.84673498674 67.8814370458 49.9110027242 0.906236742898 0.547829066375
35 0.6 0.478209329189 0.71062081825 0.616872503491 22.0946298003 16.2925038822 0.35168369523 0.226902235803
35 0.6 0.466245000317 0.721046946606 0.532284642452 7.04240455087 4.31613590399 0.101888891731 0.0338093324673
35 0.6 0.452364094429 0.623577749093 0.468741817232 55.809699651 32.717485981 1.11344535714 0.38553401762
35 0.6 0.529754459246 1.02702462605 1.11326046458 6.35160405843 6.67585087515 0.259842329878 0.155908267943
35 0.6 0.439839135828 1.1016652013 1.343883908 14.6345504436 10.4485706416 4.94772190032 2.6071761338
35 0.6 0.508454319791 0.766556251658 0.620059014845 18.1756820951 12.1251044546 0.255839018165 0.105143650748
35 0.6 0.454271377642 0.691505236325 0.500935854182 45.2466042236 26.1850918535 0.87752549674 0.307124462558
35 0.6 0.462521981149 0.679977119608 0.616868925368 13.6879643033 10.0048268759 5.45200942118 2.61683955308
35 0.6 0.477270729267 0.896856062782 1.17336496573 40.0769320018 24.4422699529 0.771968826698 0.304582741309
35 0.6 0.51139273243 1.94244592711 3.46642320493 12.0893831778 12.294657844 0.548597640721 0.381250950273
35 0.6 0.454590813308 0.978504954757 1.35427426648 10.0357520002 8.93145252351 0.232103466031 0.170095578665
35 0.6 0.492473600153 0.666795170168 0.612566437283 64.1523975629 36.1553996937 1.19604757709 0.408496622244
35 0.6 0.432799107848 1.0627046763 1.6517765498 15.4662062476 9.87751746158 0.288811041574 0.19562597933
35 0.6 0.461467917007 0.75292569222 0.626955456397 10.4593254544 6.73963816504 0.15142886419 0.0665479443858
35 0.6 0.495747996528 0.673887605548 0.493859757564 49.3784886867 28.5388301443 0.93286124978 0.319319854968
35 0.6 0.470751308572 0.762751929738 0.756406074665 19.354003363 11.6839273583 0.37740300439 0.171385954607
35 0.6 0.518216647685 1.22556306654 1.97122401794 28.6733896777 22.1097804305 5.45050012406 2.48343635699
35 0.6 0.472163103389 0.446672945938 0.374651289044 28.6539583966 19.8257957807 0.380699232303 0.146346389254
35 0.6 0.433382738923 0.57806123203 0.453507478497 1.00549575297 0.852115190768 0.0620714666309 0.0307820753752
35 0.6 0.484190257421 0.54361422395 0.482409762232 3.19173932052 2.86529003599 0.129630972027 0.084471123174
35 0.6 0.430267273592 1.10247462259 1.50228628863 27.0966050647 18.8093221393 0.627834794837 0.315088961744
35 0.6 0.489039892156 1.5198662812 2.46114977723 7.7715767811 7.83376539004 3.03077908191 2.65625289442
35 0.6 0.498015349128 0.488931003714 0.328350288953 29.5908293024 20.2278016913 0.402961567452 0.161648877774
35 0.6 0.463498354926 0.531792540879 0.464147363803 2.37270516591 2.47439450784 0.0717129885426 0.0903617726564
35 0.6 0.525600377263 0.908285642159 1.00610264715 33.8194548825 22.3816907527 6.49859638462 2.52712329454
35 0.6 0.476764313912 0.573202995173 0.348681893832 21.8617676525 14.7900216863 0.291343152831 0.114052928526
35 0.6 0.467477048566 0.992235952306 1.23279098381 22.540421951 13.2730495354 0.3272264791 0.183571830953
35 0.6 0.504513487264 0.606291478396 0.686548539173 5.64219903498 4.45950549123 0.141891898836 0.0711071021435
35 0.6 0.556996359799 0.586079262226 0.437110680227 42.1485064319 29.6048471419 0.554731877578 0.23278567613
35 0.6 0.479479810151 0.491831001783 0.434956580655 11.7925540737 7.87628115218 0.194995975492 0.110714455777
35 0.6 0.496804316408 0.595741397869 0.453608631324 27.7736518156 19.2533205006 0.385875017751 0.166337269133
35 0.6 0.508140233718 0.590538401682 0.490392443989 0.965156004943 0.877889284205 0.0473246922114 0.0456112793194
35 0.6 0.530059755712 0.926791550489 0.911483255774 41.3872473355 22.5262890816 0.596475493672 0.257354166438
35 0.6 0.50086649328 1.09980663489 1.37258997294 92.5663293288 52.0073593026 2.02473152822 0.709871031997
35 0.6 0.516024987546 1.73344073699 2.95618308566 15.387847658 15.4967868911 0.518147121112 0.355027328131
35 0.6 0.513790185766 1.09609641495 1.16753961115 27.5567287758 15.7633772438 0.457219710703 0.193797668782
35 0.6 0.542011964997 1.03891615409 1.24158678832 83.7785808329 63.9515979232 5.76147081704 2.22105482228
35 0.6 0.513848211975 1.16173031874 1.97991740525 66.59764602 53.6618058301 0.978442602225 0.340003691746
35 0.6 0.460072118481 0.683440333114 0.504681113714 9.90129246935 5.90352897015 0.155620541723 0.0713939983078
35 0.6 0.515616753272 0.626730425592 0.499946830667 44.3208671031 31.5382306696 0.544795114533 0.243515152704
35 0.6 0.459734734264 0.705425930523 0.935950151531 34.8414991783 21.5324217969 0.706109329755 0.280646512046
35 0.6 0.488226894154 0.695433840484 0.751428765247 25.2989522975 18.2563556306 6.36050384152 2.50159995025
35 0.6 0.48914092635 1.13370771078 1.77674753742 42.6386012656 28.2894315127 0.935929956787 0.453432463685
35 0.6 0.466941420997 1.06480340166 1.14060442189 32.4869735255 21.8907553361 5.46310759014 2.43025580504
35 0.6 0.479432824706 0.615891031684 0.411720921739 33.4515997679 23.5239300203 0.44992749941 0.209862840791
35 0.6 0.432416094924 1.10748263309 1.85399353558 8.84936010998 8.91718057908 0.300638246506 0.245835560575
35 0.6 0.532791231447 0.803951658989 0.829953876207 26.604861193 17.6575203554 0.409293701532 0.179621604394
35 0.6 0.460025206676 0.674728947587 0.687511978264 42.7585609801 30.5731260275 0.513518465666 0.189398397525
35 0.6 0.472480556972 0.495131296391 0.35202293596 23.219154032 16.1422459531 0.360925470195 0.173278192231
