-0.0 0.0 8.39
0.24 2.4 8.46
7.67 2.41 8.43
7.25 -0.0 8.31
0.0 0.0 0.0
0.22 0.84 1.74
0.42 1.19 2.5
0.49 1.52 3.09
0.5 1.62 3.64
0.62 1.8 4.04
0.74 1.93 4.47
0.6 2.02 4.87
0.71 2.06 5.09
0.89 2.13 5.46
0.84 2.1 5.74
0.93 2.23 5.85
0.95 2.24 6.13
1.07 2.15 6.44
0.98 2.09 6.5
1.03 2.0 6.78
1.02 1.92 7.01
1.1 1.89 7.21
1.09 1.79 7.44
1.0 1.74 7.45
1.05 1.59 7.7
1.06 1.5 7.74
1.03 1.3 7.98
1.04 1.21 8.12
1.1 1.01 8.27
1.01 0.83 8.37
1.01 0.69 8.45
0.95 0.55 8.48
1.14 0.41 8.61
0.99 0.09 8.62
0.98 -0.04 8.61
