112.585787672 251.847234182
50.2298515828 112.360977847
39.1835218945 87.6510420958
32.8307731011 73.4403477787
26.4180249222 59.0954386586
26.6907105457 59.7054190256
25.4445406086 56.9178162697
14.2105626751 31.7881233492
24.3418485042 54.4511642846
16.3212255718 36.5095417789
11.6206470364 25.994647069
16.3194448501 36.5055584177
19.6113587349 43.8693600503
6.91445668679 15.4671990883
17.710456556 39.6171629826
13.9010283938 31.0957148825
12.8673912283 28.7835343961
14.3781091093 32.1629140482
6.19083406067 13.8485013757
17.0563826439 38.1540413124
5.87175756518 13.1347475836
18.1272073637 40.5494079881
9.92296005836 22.1970294588
14.1853043759 31.7316221431
13.1189658765 29.3462908563
9.29475564619 20.7917762116
9.04372682327 20.2302407278
15.1822785771 33.9617899139
20.6335326834 46.1558980503
7.77509792328 17.3923987029
