604.515 -307.473
603.608 -176.057
831.101 -215.817
830.623 -318.499
1024.29 -283.085
919.0 -233.082
872.53 -213.306
843.502 -199.278
818.49 -191.695
797.267 -185.882
782.008 -177.678
767.564 -176.539
757.272 -175.164
743.358 -177.051
734.046 -176.809
723.403 -178.167
716.575 -179.839
708.817 -182.103
702.262 -186.276
693.749 -190.308
688.885 -197.58
682.274 -199.949
675.054 -205.481
672.239 -215.531
667.02 -221.16
661.378 -227.201
659.532 -234.017
655.216 -243.079
650.186 -251.699
646.463 -261.961
642.222 -271.083
642.609 -279.513
637.994 -289.444
635.821 -298.594
631.443 -310.175