-0.0 -0.0 19.36
-0.04 2.17 19.7
7.3 2.43 20.75
6.82 -0.0 19.4
0.0 0.0 0.0
0.02 0.06 0.28
0.05 0.13 0.57
0.08 0.21 0.87
0.11 0.28 1.16
0.13 0.35 1.46
0.16 0.43 1.74
0.19 0.49 2.02
0.22 0.56 2.3
0.25 0.64 2.59
0.28 0.7 2.88
0.31 0.77 3.17
0.33 0.82 3.45
0.36 0.89 3.74
0.39 0.94 4.02
0.41 1.0 4.3
0.44 1.06 4.6
0.46 1.11 4.89
0.49 1.16 5.17
0.5 1.2 5.46
0.52 1.26 5.74
0.54 1.31 6.03
0.57 1.36 6.31
0.58 1.39 6.58
0.6 1.44 6.85
0.62 1.48 7.13
0.64 1.52 7.41
0.65 1.56 7.68
0.66 1.59 7.94
0.67 1.63 8.2
0.68 1.66 8.46
0.69 1.69 8.72
0.7 1.71 8.98
0.7 1.73 9.24
0.71 1.77 9.49
0.72 1.79 9.73
0.73 1.81 9.97
0.74 1.84 10.22
0.75 1.85 10.44
0.75 1.86 10.67
0.75 1.87 10.9
0.75 1.87 11.13
0.76 1.89 11.36
0.76 1.89 11.58
0.77 1.9 11.8
0.77 1.9 12.02
0.78 1.9 12.23
0.77 1.9 12.44
0.76 1.89 12.62
0.76 1.89 12.82
0.76 1.87 13.03
0.77 1.86 13.24
0.78 1.85 13.44
0.78 1.84 13.62
0.77 1.82 13.81
0.78 1.79 14.0
0.79 1.78 14.19
0.79 1.77 14.38
0.79 1.73 14.53
0.79 1.7 14.7
0.8 1.68 14.88
0.8 1.65 15.07
0.81 1.63 15.23
0.81 1.59 15.4
0.82 1.56 15.58
0.83 1.51 15.74
0.84 1.49 15.92
0.84 1.43 16.08
0.84 1.39 16.24
0.85 1.34 16.4
0.86 1.3 16.56
0.87 1.26 16.71
0.87 1.2 16.87
0.88 1.16 17.04
0.89 1.1 17.2
0.9 1.06 17.37
0.91 0.99 17.52
0.92 0.94 17.67
0.93 0.89 17.82
0.94 0.83 17.97
0.96 0.75 18.13
0.97 0.7 18.29
0.98 0.62 18.44
0.99 0.57 18.6
1.01 0.48 18.75
1.01 0.42 18.89
1.02 0.35 19.04
1.04 0.29 19.2
1.06 0.18 19.35
1.07 0.11 19.5
