70.5 -321.5 5 1
126.5 -558.0 7 2
72.0 -421.0 9 3
124.5 -350.0 13 4
1259.0 -184.5 13 5
100.5 -536.0 20 6
148.0 -481.0 24 7
189.0 -402.0 27 8
119.0 -564.0 28 9
119.0 -563.5 29 10
174.5 -323.0 30 11
128.5 -551.0 32 12
1261.5 -184.0 34 13
257.0 -546.0 36 14
261.5 -551.0 37 15
258.5 -549.5 38 16
257.5 -552.0 39 17
1263.5 -158.0 41 18
395.5 -538.0 55 19
388.5 -540.5 56 20
399.0 -505.0 56 21
384.0 -541.5 57 22
426.5 -478.5 60 23
454.5 -519.5 62 24
607.0 -451.5 72 25
626.0 -427.0 73 26
644.0 -403.5 74 27
658.0 -382.5 75 28
672.5 -365.5 76 29
526.0 -380.5 77 30
685.5 -349.5 77 31
540.0 -390.5 78 32
697.0 -338.0 78 33
509.0 -492.5 79 34
707.5 -327.0 79 35
467.5 -494.0 80 36
504.5 -491.5 80 37
717.5 -317.5 80 38
486.5 -489.0 81 39
455.5 -462.0 81 40
727.0 -309.5 81 41
735.0 -304.0 82 42
743.0 -297.5 83 43
750.0 -293.5 84 44
757.5 -289.5 85 45
763.5 -286.0 86 46
769.5 -284.0 87 47
775.0 -283.0 88 48
427.0 -500.5 89 49
361.5 -370.0 89 50
410.0 -333.5 89 51
780.0 -281.0 89 52
362.0 -369.5 90 53
785.5 -280.5 90 54
420.0 -507.0 91 55
790.5 -280.0 91 56
418.5 -501.5 92 57
794.5 -281.0 92 58
474.0 -492.0 93 59
799.0 -282.0 93 60
427.0 -297.0 94 61
803.5 -283.5 94 62
807.5 -285.5 95 63
810.0 -287.5 96 64
396.0 -355.0 97 65
813.5 -290.5 97 66
398.5 -344.0 98 67
817.5 -293.5 98 68
820.0 -296.0 99 69
823.5 -299.0 100 70
413.5 -291.0 100 71
826.0 -303.5 101 72
451.0 -344.5 102 73
829.0 -307.0 102 74
831.5 -310.0 103 75
446.0 -384.0 104 76
834.5 -314.5 104 77
837.0 -317.5 105 78
839.0 -323.5 106 79
841.5 -328.5 107 80
843.5 -333.5 108 81
845.5 -338.0 109 82
848.0 -343.5 110 83
850.0 -348.0 111 84
852.0 -354.5 112 85
854.0 -360.0 113 86
856.0 -366.0 114 87
357.5 -350.0 114 88
364.5 -510.5 115 89
410.0 -492.5 115 90
857.5 -371.0 115 91
364.5 -509.5 116 92
859.5 -378.5 116 93
363.5 -510.5 117 94
408.5 -493.5 117 95
861.0 -380.5 117 96
862.5 -375.0 118 97
356.0 -520.0 119 98
407.0 -497.0 119 99
863.5 -371.0 119 100
865.0 -365.5 120 101
405.5 -502.0 121 102
867.0 -363.5 121 103
866.0 -359.0 122 104
866.5 -352.5 124 105
375.5 -507.5 125 106
866.5 -350.0 125 107
359.0 -518.0 126 108
867.0 -349.0 126 109
367.0 -352.5 127 110
320.5 -347.5 128 111
864.5 -348.5 129 112
863.5 -351.0 130 113
362.0 -344.0 130 114
863.0 -352.5 131 115
352.0 -348.0 131 116
311.0 -348.5 131 117
862.5 -354.5 132 118
861.5 -357.5 133 119
364.5 -520.5 134 120
862.0 -359.0 134 121
364.5 -513.5 135 122
861.0 -361.5 135 123
269.5 -536.0 136 124
363.5 -515.5 136 125
860.5 -366.0 136 126
270.0 -531.5 137 127
363.5 -519.0 137 128
289.5 -491.5 137 129
860.0 -370.5 137 130
286.0 -495.5 138 131
859.5 -374.5 138 132
279.0 -504.5 140 133
858.5 -375.5 141 134
858.5 -372.0 142 135
857.0 -371.5 143 136
277.5 -484.0 148 137
264.5 -477.0 149 138
856.5 -367.0 150 139
264.0 -261.5 150 140
