16.8507513487 37.6940572056
17.4574423 39.0511862115
18.004392899 40.2746798552
17.4262075551 38.9813160771
17.5972765936 39.3639866175
16.770424412 37.5143709659
16.8608532093 37.7166544243
17.2485590572 38.5839277052
17.4887624205 39.1212473256
17.211033547 38.4999855298
17.3885286515 38.8970307702
16.5683619948 37.0623702119
17.0449514403 38.128470438
16.611834041 37.1596144097
16.886146473 37.7732338438
17.3734706598 38.8633470021
17.5094316944 39.1674831746
16.7906719419 37.5596634003
16.4867120987 36.8797245963
16.8255933878 37.6377804499
17.2601828129 38.6099293062
16.0946585384 36.0027257596
15.8980300402 35.5628803365
16.1715463406 36.1747188747
16.4913762611 36.8901580304
16.1457770937 36.1170747112
16.1083357162 36.0333207351
14.9974334924 33.5483032361
15.211535648 34.0272361175
15.2803311198 34.181127205
15.3959343655 34.4397243006
15.006630098 33.5688754568
15.1064643436 33.7921983039
14.4728013932 32.3747346545
14.293014661 31.9725631886
14.0959097428 31.5316520442
14.1369728901 31.6235076887
13.2458102583 29.6300336573
12.9424073318 28.9513406405
13.3576201032 29.8801451569
13.4667696954 30.1243058408
13.3286389725 29.8153162139
13.18611067 29.4964894817
12.6518232196 28.3013224946
12.515335654 27.9960085059
12.4874889735 27.9337172558
12.0788589372 27.0196378984
10.6117198328 23.7377411932
11.3007250007 25.2790018574
12.0428096039 26.9389978366
12.6558995657 28.3104410211
11.2508423067 25.1674174488
10.8099216733 24.1811060832
10.6986503461 23.9321992131
11.1951759819 25.0428954268
11.3316075851 25.3480842311
10.670859063 23.8700318836
9.24788392008 20.6869271465
9.76538525142 21.8445446547
10.8984353653 24.3791055729
10.7110753632 23.9599931848
9.78293675581 21.8838062518
10.0813178084 22.5512656567
10.3014084764 23.043594459
9.9920883478 22.3516650381
10.3896045585 23.2408834757
9.89627498949 22.1373366598
9.36478696656 20.9484318136
9.83250610765 21.9946897338
9.58259872506 21.4356628406
9.36115387316 20.9403048151
9.79978231298 21.92148869
9.94300590338 22.241870737
9.71617315019 21.7344603196
10.1826134046 22.7778574519
9.76792959084 21.8502361799
9.38073151064 20.9840987429
9.09094359114 20.3358616294
9.23003830829 20.6470076499
10.3340942975 23.1167105583
10.1676139331 22.7443045897
9.91249251531 22.1736142318
9.63301718117 21.5484457147
9.96043565781 22.2808599872
9.19975286763 20.5792610486
9.3980620555 21.0228660676
9.77109901013 21.8573259689
10.9020108725 24.3871037547
9.69306749926 21.6827744505
