-0.0 0.0 8.16
0.26 2.38 8.29
7.75 2.39 8.39
7.31 -0.0 8.28
0.0 0.0 0.0
0.27 0.78 1.65
0.41 1.16 2.47
0.52 1.42 3.08
0.61 1.62 3.59
0.68 1.78 4.02
0.75 1.9 4.39
0.8 1.99 4.73
0.85 2.05 5.04
0.9 2.1 5.32
0.93 2.12 5.58
0.96 2.13 5.83
0.99 2.12 6.06
1.01 2.1 6.28
1.03 2.06 6.48
1.05 2.01 6.68
1.06 1.95 6.86
1.06 1.87 7.04
1.07 1.78 7.2
1.07 1.68 7.36
1.07 1.57 7.5
1.06 1.45 7.64
1.06 1.32 7.76
1.06 1.18 7.88
1.05 1.03 7.99
1.05 0.87 8.09
1.04 0.71 8.18
1.04 0.54 8.26
1.04 0.36 8.34
1.03 0.17 8.41
1.03 -0.01 8.48
