107.224725037 239.85487862
52.6464305744 117.766711091
39.3539027292 88.0321731682
31.8219308489 71.1836319338
26.8324331527 60.0224434683
23.2517771589 52.0127441337
20.5552056782 45.98068553
18.4598907865 41.2935996097
16.7980582925 37.576186196
15.4627360039 34.5891553098
14.3810896462 32.1695813194
13.5015920185 30.2022011589
12.7859324092 28.6013162077
12.2048440225 27.3014585077
11.7353899938 26.2513197545
11.3603709733 25.412426098
11.0661171084 24.7541989491
10.8426852745 24.2543961716
10.6829003555 23.8969674876
10.5814026459 23.6699235777
10.5338000716 23.5634396518
10.5356224958 23.5675162986
10.5822552127 23.6718307152
10.6677466431 23.8630695985
10.7859338352 24.1274468176
10.9297499861 24.4491543845
11.0920987806 24.8123182947
11.266706981 25.2029057146
11.4472293428 25.6067227369
11.6289074854 26.0131251671
