-0.0 -0.0 8.0
-0.0 2.44 8.0
7.32 2.44 7.99
7.32 0.0 7.99
0.0 0.0 0.0
0.19 0.81 1.63
0.3 1.19 2.47
0.39 1.45 3.02
0.45 1.69 3.53
0.48 1.85 3.94
0.54 1.94 4.28
0.64 2.05 4.67
0.62 2.12 4.93
0.66 2.18 5.23
0.65 2.19 5.46
0.73 2.19 5.7
0.75 2.2 5.92
0.78 2.21 6.09
0.78 2.14 6.3
0.81 2.09 6.5
0.85 2.03 6.67
0.84 1.92 6.85
0.82 1.84 6.98
0.9 1.72 7.09
0.92 1.61 7.27
0.89 1.5 7.38
0.92 1.38 7.49
0.97 1.22 7.63
0.97 1.04 7.73
0.99 0.9 7.81
0.97 0.75 7.98
1.02 0.57 8.06
1.01 0.33 8.14
1.05 0.19 8.24
1.03 0.0 8.3
