106.387591085 237.982263305
53.5046523271 119.686498474
35.7195750001 79.9024135812
33.0258919461 73.8768162039
25.4141208404 56.8497691864
20.8372074185 46.6115054567
24.3308687212 54.4266032097
15.6413759584 34.9887615068
17.5384895966 39.2324838505
13.4824958675 30.1594842858
14.7180970904 32.9234455012
12.6929544473 28.3933304305
9.9130544885 22.1748713301
13.0555108462 29.2043459964
11.9593564124 26.7523183639
10.7491640784 24.0451952142
12.2868434474 27.484885997
8.78254634219 19.6459966314
10.4849113325 23.4540786571
12.1754005654 27.23559537
9.60005458768 21.4747104932
9.83581627934 22.002094377
12.3935911542 27.7236738161
11.7300317937 26.2393338021
9.35250004944 20.9209467628
13.493980114 30.1851738135
11.503861043 25.7334042422
14.6077809764 32.6766753824
10.3164485388 23.0772381205
11.6661887703 26.0965210263
