0.0 -0.0 4.12
1.64 0.58 4.27
1.08 2.91 11.93
-1.36 1.78 10.31
0.0 0.0 0.0
0.13 0.38 1.45
0.31 0.55 2.1
0.47 0.66 2.57
0.62 0.73 2.92
0.75 0.78 3.2
0.86 0.82 3.42
0.95 0.84 3.6
1.03 0.85 3.74
1.1 0.85 3.86
1.15 0.85 3.96
1.19 0.84 4.03
1.21 0.82 4.09
1.23 0.8 4.14
1.23 0.78 4.18
1.22 0.75 4.21
1.19 0.72 4.23
1.16 0.7 4.26
1.11 0.67 4.28
1.05 0.63 4.3
0.98 0.6 4.33
0.91 0.57 4.36
0.82 0.53 4.4
0.72 0.5 4.44
0.62 0.46 4.49
0.51 0.41 4.55
0.39 0.37 4.62
0.27 0.32 4.7
0.14 0.26 4.78
0.01 0.2 4.88
-0.13 0.14 4.98
