87.1722933165 194.998866402
40.5441333683 90.6946432782
29.1677537185 65.2464067907
22.5463079352 50.4346544257
17.988544419 40.2392278151
14.5683197708 32.5884031796
11.8640812283 26.5391938471
9.65384345302 21.595032758
7.8100780687 17.4706470596
6.25760098128 13.9978547234
4.95449088076 11.0828804496
3.8869511093 8.69486199384
3.07259935609 6.87320900427
2.56234402745 5.73180034246
2.40750003568 5.38542419798
2.57916742395 5.76943320863
2.96824974413 6.63978557042
3.47288028286 7.76861193556
4.03468786206 9.02533969746
4.62546874774 10.3468789001
5.23196650046 11.7035757329
5.84750818583 13.080503267
6.46739329146 14.4671467554
7.08792920923 15.8552460691
7.70474589706 17.2350257024
8.31339164085 18.5965274544
8.9100348811 19.9311803707
9.49016938312 21.2289042914
10.0503405718 22.481971552
10.5873513871 23.6832305327
