0.0 -0.0 15.5
-0.06 2.18 15.77
7.17 2.47 17.4
6.8 -0.0 16.09
0.0 0.0 0.0
0.12 0.07 0.4
0.25 0.17 0.82
0.36 0.28 1.24
0.48 0.35 1.68
0.59 0.47 2.09
0.7 0.53 2.51
0.82 0.64 2.91
0.93 0.7 3.32
1.05 0.8 3.72
1.16 0.86 4.13
1.28 0.94 4.54
1.39 1.01 4.96
1.51 1.07 5.35
1.63 1.16 5.75
1.73 1.19 6.11
1.85 1.27 6.49
1.97 1.31 6.86
2.1 1.41 7.27
2.21 1.43 7.63
2.34 1.53 8.03
2.46 1.53 8.36
2.59 1.64 8.74
2.7 1.64 9.07
2.84 1.74 9.46
2.95 1.74 9.79
3.08 1.82 10.17
3.19 1.83 10.49
3.32 1.87 10.83
3.45 1.91 11.17
3.57 1.93 11.5
3.71 1.99 11.84
3.84 1.96 12.15
3.97 2.05 12.49
4.08 2.0 12.76
4.22 2.1 13.12
4.33 2.03 13.4
4.47 2.12 13.72
4.58 2.04 13.97
4.74 2.13 14.33
4.87 2.05 14.61
4.99 2.12 14.91
5.1 2.04 15.15
5.23 2.09 15.46
5.36 2.01 15.72
5.49 2.02 16.02
5.63 1.98 16.3
5.75 1.93 16.56
5.87 1.93 16.84
5.98 1.82 17.03
