24.3437783449 54.4554812155
26.3247844443 58.8868656499
26.1054852718 58.3963073727
26.4439850724 59.1535098608
26.0045534373 58.1705292892
25.1691904243 56.3018754501
25.4328252213 56.8916096947
24.4231569753 54.6330461544
25.2611943105 56.5076822819
24.8836571639 55.6631557379
25.1269531199 56.2073932911
25.6315302729 57.3361002356
23.4269009033 52.4044847928
24.915196636 55.7337075277
21.7186168951 48.5831623012
23.6113691672 52.8171285467
22.8535170616 51.1218616692
25.5083053513 57.0604539367
21.5780333141 48.2686857871
25.1019009355 56.1513531506
20.2212805112 45.2337162057
24.2983388735 54.3538360129
20.3998597562 45.6331865996
24.7220265821 55.3015984239
20.2049223596 45.1971240629
23.5645875196 52.7124809814
19.793377947 44.2765254313
21.2608734348 47.5592193435
20.998314631 46.971892027
20.6042732144 46.0904464823
21.5843725418 48.2828662357
19.255930626 43.0742900151
21.7769573436 48.7136661676
17.6288268761 39.4345625892
22.7007568165 50.7801467333
17.8432283402 39.9141650049
21.3603358535 47.7817104374
16.4853789748 36.876742483
23.171300276 51.8327224738
18.5341133032 41.4596306509
19.4953488847 43.6098534064
15.656474023 35.0225349155
20.0081205769 44.7568910131
17.428948602 38.9874476244
18.9104029165 42.3013665425
17.9769292501 40.2132454223
16.8330079719 37.6543664022
18.1207872196 40.5350465348
14.1441602695 31.6395853983
