44.637314331 99.8508283152
44.4239807064 99.3736145884
44.2157433694 98.9078009323
44.0129392089 98.4541409461
43.8159391485 98.0134643616
43.6249116873 97.5861481013
43.439321428 97.1709945153
43.2596803728 96.7691489198
43.0846984523 96.3777255117
42.9152947924 95.9987803173
42.7500383071 95.629112088
42.5893580448 95.2696805783
42.4323988103 94.9185727706
42.2795397423 94.576636774
42.1300243834 94.2421804417
41.9839749793 93.9154772296
41.8405886401 93.594731124
41.7001990453 93.2806885447
41.5627536684 92.9732319932
41.4275456597 92.6707802917
41.2947533845 92.3737324325
41.1636539245 92.0804712926
41.0364069549 91.7958279286
40.9092246561 91.511329229
40.7847553656 91.2328993561
