0.0 0.0 14.58
-0.05 1.77 15.11
6.44 2.13 19.37
5.82 0.0 17.02
0.0 0.0 0.0
0.05 0.05 0.31
0.09 0.09 0.62
0.15 0.17 0.92
0.2 0.22 1.21
0.26 0.29 1.54
0.31 0.35 1.87
0.36 0.4 2.18
0.42 0.47 2.5
0.47 0.52 2.81
0.53 0.58 3.14
0.59 0.64 3.46
0.65 0.71 3.8
0.7 0.77 4.14
0.75 0.83 4.48
0.8 0.89 4.8
0.86 0.95 5.14
0.91 1.0 5.47
0.96 1.06 5.8
1.01 1.13 6.14
1.06 1.19 6.49
1.11 1.25 6.82
1.15 1.3 7.15
1.2 1.36 7.47
1.25 1.41 7.8
1.3 1.47 8.12
1.35 1.52 8.43
1.39 1.56 8.73
1.43 1.61 9.03
1.48 1.66 9.34
1.52 1.69 9.62
1.56 1.74 9.94
1.6 1.77 10.23
1.65 1.83 10.53
1.68 1.84 10.77
1.74 1.9 11.06
1.77 1.9 11.28
1.82 1.94 11.56
1.87 1.97 11.84
1.92 2.0 12.1
1.96 2.03 12.34
2.0 2.04 12.57
2.05 2.06 12.8
2.09 2.07 13.01
2.14 2.09 13.25
2.19 2.09 13.47
2.24 2.11 13.7
2.29 2.11 13.91
2.33 2.12 14.12
2.37 2.12 14.31
2.42 2.13 14.54
2.47 2.11 14.72
2.52 2.12 14.94
2.57 2.1 15.11
2.62 2.1 15.32
2.68 2.09 15.52
2.73 2.09 15.73
2.78 2.07 15.9
2.83 2.05 16.09
2.88 2.03 16.25
2.94 2.02 16.44
