0.0 -0.0 8.1
0.35 2.33 8.39
7.8 2.39 8.94
7.11 0.0 8.51
0.0 0.0 0.0
0.33 0.75 1.65
0.49 1.11 2.48
0.61 1.37 3.1
0.71 1.57 3.62
0.8 1.72 4.06
0.87 1.84 4.44
0.93 1.93 4.79
0.98 1.99 5.1
1.02 2.04 5.39
1.05 2.06 5.66
1.08 2.07 5.92
1.1 2.07 6.15
1.12 2.05 6.38
1.13 2.01 6.59
1.13 1.96 6.78
1.13 1.9 6.97
1.13 1.83 7.14
1.12 1.74 7.31
1.11 1.64 7.46
1.1 1.54 7.6
1.08 1.42 7.72
1.07 1.29 7.84
1.06 1.15 7.95
1.04 1.01 8.05
1.03 0.85 8.14
1.02 0.69 8.22
1.01 0.53 8.29
1.0 0.35 8.35
1.0 0.17 8.41
0.99 -0.01 8.47
