107.093385852 239.561081232
53.0742784082 118.723779437
39.8751133582 89.1980881388
32.3602665768 72.3878546598
27.3612094847 61.2052824346
23.7604240621 53.1505548504
21.0383199795 47.0613814427
18.9141510332 42.3097508406
17.2195200583 38.5189693148
15.8462363859 35.4470212315
14.7200214373 32.9277501428
13.7881893725 30.8433011806
13.0114350783 29.1057513117
12.3603412037 27.6492957952
11.8130342209 26.4250049438
11.3537832807 25.3976898495
10.9724373987 24.544643407
10.662471706 23.8512699002
10.421167284 23.3114872817
10.2470785972 22.9220619805
10.139469703 22.68134774
10.0959220308 22.5839343718
10.1123801151 22.6207500576
10.1821969474 22.7769258635
10.2969965192 23.0337251919
10.447202368 23.3697261059
10.6229830764 23.7629363516
10.8150196345 24.1925098974
11.0152480198 24.6404080388
11.2170423943 25.0918091983
