0.0 -0.0 11.74
0.02 1.79 12.21
6.91 2.19 15.79
6.04 0.0 13.58
0.0 0.0 0.0
0.11 0.04 0.36
0.24 0.12 0.76
0.36 0.17 1.15
0.48 0.25 1.56
0.61 0.32 1.96
0.73 0.38 2.35
0.87 0.46 2.75
0.98 0.51 3.12
1.12 0.59 3.51
1.24 0.64 3.9
1.39 0.74 4.32
1.5 0.77 4.69
1.65 0.87 5.1
1.77 0.9 5.45
1.93 1.0 5.85
2.03 1.01 6.17
2.19 1.12 6.59
2.3 1.14 6.92
2.46 1.22 7.31
2.58 1.26 7.65
2.72 1.31 7.99
2.86 1.36 8.34
2.99 1.4 8.67
3.15 1.47 9.05
3.27 1.47 9.34
3.43 1.57 9.74
3.54 1.54 9.99
3.71 1.64 10.38
3.81 1.6 10.61
3.98 1.7 11.0
4.08 1.64 11.2
4.26 1.74 11.6
4.38 1.68 11.81
4.53 1.75 12.16
4.63 1.7 12.36
4.79 1.76 12.7
4.9 1.71 12.91
5.05 1.73 13.2
5.19 1.7 13.45
5.31 1.68 13.7
5.45 1.68 13.96
5.54 1.6 14.12
5.7 1.68 14.45
5.71 1.53 14.48
5.82 1.64 14.78
5.82 1.48 14.77
5.92 1.6 15.06
5.92 1.42 15.06
6.02 1.51 15.3
