17.5 -335.0 6 1
19.5 -343.5 7 2
26.0 -350.5 8 3
51.5 -490.0 13 4
87.5 -490.0 14 5
122.5 -492.0 17 6
127.0 -485.0 22 7
234.0 -478.0 23 8
304.5 -471.5 29 9
307.0 -471.0 31 10
302.0 -461.5 32 11
491.5 -410.5 32 12
250.0 -379.0 32 13
302.5 -457.0 33 14
537.5 -384.0 33 15
577.5 -363.5 34 16
618.0 -349.5 35 17
654.0 -338.0 36 18
686.0 -327.5 37 19
238.0 -118.0 37 20
715.5 -319.0 38 21
709.0 -240.0 38 22
359.0 -243.0 38 23
485.5 -229.5 38 24
743.0 -312.0 39 25
769.0 -306.0 40 26
275.0 -451.0 41 27
325.5 -445.5 41 28
326.5 -368.5 41 29
793.0 -301.0 41 30
271.0 -446.5 42 31
814.5 -297.5 42 32
272.5 -348.0 43 33
836.5 -293.5 43 34
856.5 -291.0 44 35
875.5 -288.0 45 36
1249.0 -208.5 45 37
893.5 -286.5 46 38
107.5 -157.5 46 39
303.0 -460.0 47 40
335.5 -328.5 47 41
910.5 -286.5 47 42
314.0 -460.5 48 43
926.5 -287.0 48 44
273.5 -359.5 49 45
333.0 -328.5 49 46
942.5 -287.5 49 47
958.0 -289.0 50 48
227.5 -215.0 50 49
273.0 -369.5 51 50
972.0 -290.0 51 51
985.5 -291.0 52 52
287.0 -361.5 53 53
998.5 -293.0 53 54
1012.5 -295.5 54 55
152.5 -432.0 55 56
1023.5 -297.5 55 57
486.0 -224.5 55 58
1051.0 -210.0 55 59
515.5 -182.5 55 60
551.5 -143.0 55 61
238.0 -127.5 55 62
1035.5 -301.0 56 63
1047.5 -305.0 57 64
358.5 -453.0 58 65
1058.0 -309.0 58 66
1067.5 -311.5 59 67
367.0 -344.5 60 68
1072.0 -314.5 60 69
1028.0 -381.0 61 70
367.0 -347.0 61 71
1075.5 -318.0 61 72
333.5 -442.0 62 73
360.5 -396.0 62 74
1079.5 -324.0 62 75
712.0 -244.0 62 76
356.0 -236.5 62 77
462.5 -232.0 62 78
891.0 -199.0 62 79
1190.0 -198.5 62 80
946.5 -193.5 62 81
639.5 -196.5 62 82
333.5 -437.5 63 83
304.0 -377.0 63 84
1082.5 -329.5 63 85
338.5 -316.0 63 86
353.5 -395.0 64 87
306.0 -379.0 64 88
362.0 -339.0 64 89
1086.0 -335.0 64 90
330.5 -456.0 65 91
377.5 -381.5 65 92
1089.5 -342.5 65 93
329.5 -456.0 66 94
1092.0 -348.0 66 95
308.5 -345.5 66 96
339.5 -301.0 66 97
1094.0 -356.0 67 98
324.0 -450.5 68 99
344.0 -393.0 68 100
1096.5 -365.0 68 101
310.0 -360.5 68 102
364.5 -344.0 68 103
338.5 -307.0 68 104
325.5 -453.5 69 105
1098.0 -371.0 69 106
323.0 -455.5 70 107
341.5 -402.5 70 108
1100.0 -380.5 70 109
309.0 -362.0 70 110
321.0 -458.5 71 111
1101.0 -381.0 71 112
307.5 -365.5 71 113
321.0 -463.0 72 114
1100.5 -379.0 72 115
321.5 -460.0 73 116
1100.5 -369.5 73 117
297.0 -356.5 73 118
320.5 -464.0 74 119
1100.0 -364.5 74 120
321.0 -463.5 75 121
360.0 -455.5 75 122
312.0 -381.0 75 123
1102.0 -361.0 75 124
364.5 -453.0 76 125
1100.0 -359.0 76 126
362.0 -453.5 77 127
1099.0 -357.0 77 128
320.0 -310.5 77 129
367.0 -456.5 78 130
317.5 -310.0 78 131
358.5 -452.0 79 132
1101.5 -353.5 79 133
318.0 -307.0 79 134
292.5 -343.0 81 135
314.0 -305.5 81 136
1101.0 -350.0 82 137
315.5 -304.5 82 138
1099.0 -349.5 83 139
347.0 -348.5 83 140
313.5 -303.5 83 141
313.0 -301.5 84 142
340.5 -453.0 85 143
320.5 -389.0 85 144
1099.0 -352.0 85 145
344.5 -349.0 85 146
320.0 -305.0 85 147
1021.5 -382.5 86 148
1097.5 -351.0 86 149
276.5 -358.0 86 150
343.0 -344.0 86 151
310.0 -298.0 86 152
327.5 -461.5 87 153
1016.0 -382.0 87 154
1098.0 -353.5 87 155
312.5 -304.5 87 156
320.0 -461.5 88 157
1097.5 -357.5 88 158
315.0 -463.5 89 159
1096.5 -358.5 89 160
1096.0 -361.5 90 161
309.0 -307.0 90 162
306.0 -464.0 91 163
1095.5 -366.0 91 164
302.5 -465.5 92 165
1094.5 -370.0 92 166
301.0 -468.5 93 167
1094.0 -374.0 93 168
299.5 -469.5 94 169
1093.5 -380.5 94 170
306.0 -468.5 95 171
1092.5 -384.5 95 172
306.0 -468.0 96 173
1092.5 -383.5 96 174
306.0 -468.0 97 175
1093.0 -379.5 97 176
305.0 -468.0 98 177
1092.5 -376.0 98 178
297.0 -311.0 98 179
307.0 -465.0 99 180
1090.0 -372.5 99 181
297.5 -303.0 99 182
307.5 -467.0 100 183
1092.0 -370.5 100 184
294.0 -305.0 100 185
303.5 -470.0 101 186
1092.5 -366.5 101 187
292.0 -303.0 101 188
1091.5 -367.0 102 189
286.5 -471.5 103 190
1091.5 -368.5 103 191
279.5 -471.5 104 192
288.5 -298.5 105 193
