1267.5 -319.0 2 1
1263.0 -316.0 3 2
1268.0 -370.0 4 3
1264.0 -316.0 4 4
1257.0 -382.0 5 5
1235.0 -376.0 6 6
1268.5 -316.5 6 7
1228.0 -309.0 6 8
1263.0 -455.0 7 9
1204.5 -373.5 7 10
1253.5 -457.0 8 11
1181.5 -365.5 8 12
1270.5 -321.5 8 13
1249.5 -458.0 9 14
1161.5 -358.5 9 15
1265.0 -327.5 9 16
1253.0 -332.0 10 17
1252.0 -424.0 11 18
1235.5 -397.0 11 19
1211.0 -414.5 12 20
1195.5 -444.0 14 21
1240.5 -450.0 16 22
1118.0 -306.5 16 23
1110.5 -305.0 17 24
1096.5 -304.5 18 25
1085.0 -309.0 19 26
1147.5 -368.0 20 27
1121.5 -342.0 20 28
1072.0 -315.0 20 29
1133.5 -352.0 21 30
1060.5 -319.5 21 31
1136.0 -352.0 22 32
1062.5 -380.5 23 33
1090.0 -319.5 24 34
1043.5 -304.5 24 35
1051.0 -439.0 25 36
996.0 -340.0 25 37
829.0 -359.0 26 38
1014.5 -294.5 26 39
954.0 -392.0 27 40
786.5 -349.5 27 41
1006.0 -293.0 27 42
745.0 -339.5 28 43
1065.5 -305.5 28 44
708.5 -331.0 29 45
992.0 -285.0 29 46
676.5 -323.0 30 47
991.0 -284.5 30 48
646.5 -316.0 31 49
1031.0 -306.5 31 50
988.0 -288.0 31 51
618.0 -311.0 32 52
1017.5 -307.0 32 53
983.0 -287.0 32 54
977.5 -435.0 35 55
940.0 -430.5 35 56
571.5 -305.0 35 57
971.5 -293.5 35 58
975.5 -442.5 36 59
933.0 -432.0 36 60
976.0 -372.0 36 61
550.5 -301.5 36 62
972.5 -377.0 37 63
531.0 -299.0 37 64
981.5 -443.5 38 65
514.5 -297.5 38 66
498.0 -296.0 39 67
966.0 -436.0 40 68
482.5 -295.5 40 69
967.0 -440.5 41 70
469.0 -296.0 41 71
961.0 -437.5 42 72
456.5 -296.5 42 73
959.0 -438.0 43 74
445.0 -298.0 43 75
937.0 -319.0 44 76
434.5 -299.5 44 77
424.0 -301.0 45 78
939.5 -434.5 46 79
415.5 -302.5 46 80
940.5 -428.5 47 81
947.5 -369.5 47 82
406.5 -304.5 47 83
931.5 -301.0 47 84
936.5 -430.0 48 85
942.5 -366.0 48 86
933.0 -298.5 48 87
954.5 -415.5 49 88
946.5 -355.5 49 89
391.0 -310.0 49 90
929.0 -444.0 50 91
950.5 -414.5 50 92
384.0 -312.5 50 93
947.5 -422.0 51 94
377.0 -315.5 51 95
942.5 -369.5 52 96
372.0 -319.0 52 97
939.5 -371.0 53 98
935.0 -387.0 54 99
933.5 -379.0 55 100
946.0 -380.5 56 101
364.0 -331.5 56 102
952.0 -375.0 57 103
364.0 -337.0 57 104
939.0 -297.5 57 105
951.0 -373.5 58 106
947.5 -374.0 59 107
952.0 -333.0 59 108
984.0 -429.0 60 109
949.5 -370.0 60 110
985.5 -430.5 61 111
987.5 -433.5 62 112
953.0 -373.5 62 113
991.0 -434.0 63 114
995.5 -436.5 65 115
371.0 -380.0 65 116
958.5 -377.0 65 117
953.5 -294.5 65 118
997.5 -439.0 66 119
957.0 -296.0 66 120
1001.0 -442.5 67 121
959.0 -296.5 67 122
1001.5 -443.5 68 123
926.0 -440.0 68 124
962.0 -295.5 68 125
1003.0 -443.0 69 126
927.5 -440.0 69 127
974.5 -305.0 69 128
931.5 -438.0 70 129
973.0 -296.5 70 130
934.0 -436.5 71 131
969.5 -299.5 71 132
944.5 -434.5 72 133
950.5 -434.5 73 134
981.0 -295.0 73 135
957.0 -433.5 74 136
966.5 -430.0 75 137
975.5 -430.5 76 138
982.5 -292.5 76 139
991.5 -288.0 77 140
987.0 -291.0 78 141
1017.5 -433.0 80 142
991.0 -289.0 80 143
1023.0 -430.0 81 144
1028.5 -428.5 82 145
998.0 -291.5 82 146
1033.5 -427.5 83 147
1001.0 -292.0 83 148
1044.0 -432.0 84 149
1054.5 -438.0 85 150
1016.0 -373.0 85 151
997.0 -347.0 85 152
1007.5 -291.5 85 153
1061.0 -435.5 86 154
1011.0 -292.5 86 155
1063.0 -436.0 87 156
999.0 -349.5 87 157
1014.5 -290.5 87 158
1065.0 -442.5 88 159
1030.0 -378.0 88 160
1027.0 -292.0 88 161
1066.5 -444.5 89 162
399.5 -378.5 89 163
1022.0 -293.5 89 164
993.5 -446.5 90 165
400.5 -379.5 90 166
1038.0 -378.5 90 167
1025.5 -293.0 90 168
997.5 -446.5 91 169
404.0 -379.0 91 170
1028.5 -295.5 91 171
997.0 -444.0 92 172
403.0 -374.5 92 173
1032.5 -293.0 92 174
1033.5 -368.0 93 175
1035.5 -293.5 93 176
1022.0 -438.5 95 177
