21.2510034242 47.5371407584
23.3701635493 52.2775669466
23.363852474 52.2634494732
23.6227783081 52.842650068
23.8872166559 53.4341818047
22.6736956203 50.7196125615
23.8330992721 53.313124665
22.3026416072 49.8895883741
23.8639535788 53.3821437833
23.0757076466 51.6188878522
23.7179787354 53.0556073587
24.099411368 53.9088478567
22.0923086808 49.4190870181
23.9779212687 53.6370822448
20.1553048383 45.0861328288
22.7584610719 50.9092274764
21.4502284804 47.9827945167
25.2342361413 56.4473785749
19.7295191547 44.1336773813
25.1034698843 56.1548627891
18.3945525568 41.1474421526
24.8431513505 55.5725468139
18.2226856211 40.7629867672
25.2788200515 56.5471099417
18.0381175598 40.3501197728
23.6593426003 52.9244420601
18.3400212801 41.0254591609
20.6632395641 46.2223504499
20.4923317069 45.8400404619
19.3522080135 43.2896563971
21.7954551506 48.7550445835
16.8045155315 37.5906306284
22.9815309289 51.4082205346
14.4126937331 32.2402776482
24.2899390641 54.3350461744
14.2208732917 31.8111875418
23.2098004077 51.9188448156
12.7961731684 28.6242241335
24.9468007268 55.8044038651
14.7223555797 32.9329714705
20.8752871347 46.6966873557
12.2101146616 27.3132485917
20.6821702954 46.2646972898
14.3401611525 32.0780268864
18.7084919537 41.8497045823
16.0648382899 35.9360197636
14.8661610465 33.2546551379
17.6057880705 39.383026249
10.8353497776 24.2379871323
