0.0 0.0 8.01
-0.0 2.44 8.01
7.32 2.44 8.01
7.32 0.0 8.01
0.0 0.0 0.0
0.21 0.82 1.64
0.31 1.2 2.44
0.37 1.48 3.04
0.44 1.68 3.54
0.49 1.84 3.95
0.54 1.96 4.32
0.58 2.06 4.65
0.62 2.12 4.95
0.65 2.17 5.21
0.68 2.19 5.46
0.71 2.21 5.7
0.73 2.2 5.91
0.76 2.17 6.12
0.79 2.13 6.3
0.81 2.08 6.5
0.83 2.01 6.66
0.85 1.93 6.82
0.88 1.84 6.98
0.89 1.73 7.13
0.91 1.62 7.27
0.93 1.5 7.4
0.94 1.35 7.52
0.95 1.21 7.65
0.97 1.06 7.76
0.99 0.9 7.87
0.99 0.73 7.97
1.01 0.56 8.07
1.02 0.37 8.16
1.03 0.18 8.24
1.04 -0.02 8.32
