106.829533776 238.970860948
52.0090865832 116.341013188
38.5030892684 86.1289576616
31.2087880311 69.8120705137
25.9481706816 58.0444046568
22.9466918661 51.3302877707
19.5638677591 43.7631257631
18.2124645061 40.740122784
15.7239975301 35.1735806989
14.4965214641 32.4277949418
13.9036411865 31.1015595333
12.5863100727 28.1547737588
11.9139419212 26.6507290405
11.3319394738 25.348826645
11.4878186544 25.6975184411
10.6804771045 23.8915468296
10.47595201 23.4340372235
10.745453157 24.0368941194
10.4206627176 23.310358599
10.5515283711 23.6030967283
10.4617632515 23.4022978747
10.844492033 24.2584377753
11.0369044838 24.688852169
11.0561417613 24.7318847332
11.4830951406 25.6869522416
11.5078873275 25.7424107841
11.5075530584 25.7416630455
12.021579309 26.8915070194
12.1361084465 27.1477014034
12.0185111875 26.8846438271
