-0.0 -0.0 6.36
-0.93 2.4 5.73
5.57 2.28 5.85
6.87 -0.0 6.62
0.0 0.0 0.0
-0.05 0.87 1.33
-0.11 1.27 1.96
-0.17 1.54 2.42
-0.22 1.75 2.79
-0.25 1.91 3.09
-0.28 2.03 3.36
-0.3 2.12 3.59
-0.31 2.18 3.79
-0.31 2.22 3.97
-0.3 2.24 4.14
-0.27 2.25 4.29
-0.24 2.24 4.43
-0.2 2.21 4.56
-0.16 2.16 4.69
-0.1 2.11 4.81
-0.04 2.04 4.92
0.03 1.95 5.04
0.11 1.86 5.15
0.18 1.75 5.27
0.26 1.63 5.39
0.34 1.5 5.51
0.43 1.37 5.63
0.51 1.22 5.76
0.58 1.07 5.88
0.66 0.9 6.01
0.73 0.73 6.15
0.79 0.56 6.28
0.85 0.38 6.42
0.91 0.19 6.55
0.96 -0.01 6.68
