92.4331936159 206.7671652
43.0942304242 96.3990479255
31.2461160991 69.8955710235
24.5663496472 54.9533590386
20.1107578271 44.9864840028
16.8665640267 37.7294291589
14.3834473712 32.1748553998
12.4359641071 27.8184594124
10.9069260218 24.3980986305
9.73705484121 21.781171332
8.89763668839 19.9034464035
8.3701201737 18.7234255682
8.13095688634 18.1884325315
8.14251346508 18.2142838619
8.35453501705 18.6885625657
8.71171966642 19.4875618701
9.16331051152 20.4977418198
9.6665685462 21.6234979808
10.1888566964 22.7918232979
10.7065462396 23.9498618239
11.2031478641 25.0607280195
11.6678575653 26.1002540144
12.0945544312 27.0547477185
12.4800421366 27.9170591561
12.823489386 28.6853287721
13.1260757435 29.3621951759
13.3894339655 29.9513107401
13.6167511525 30.459804805
13.8107306082 30.8937244888
13.974960359 31.2610959783
