0.0 0.0 18.35
-0.08 2.17 18.68
7.06 2.43 20.7
6.76 -0.0 19.29
0.0 0.0 0.0
0.04 0.08 0.36
0.09 0.16 0.73
0.14 0.26 1.06
0.2 0.36 1.4
0.24 0.44 1.76
0.3 0.55 2.14
0.35 0.63 2.48
0.41 0.73 2.84
0.46 0.8 3.18
0.52 0.88 3.53
0.57 0.97 3.88
0.62 1.04 4.23
0.66 1.12 4.59
0.71 1.19 4.95
0.76 1.27 5.3
0.82 1.35 5.65
0.87 1.42 5.99
0.93 1.48 6.35
0.97 1.55 6.69
1.01 1.63 7.05
1.06 1.68 7.39
1.11 1.75 7.74
1.15 1.81 8.08
1.2 1.88 8.42
1.25 1.92 8.74
1.3 2.0 9.08
1.35 2.03 9.39
1.39 2.09 9.71
1.44 2.13 10.02
1.49 2.18 10.35
1.53 2.22 10.67
1.56 2.26 10.99
1.61 2.31 11.3
1.66 2.33 11.59
1.71 2.38 11.88
1.76 2.39 12.16
1.81 2.44 12.47
1.86 2.47 12.77
1.91 2.5 13.05
1.96 2.53 13.33
2.0 2.54 13.59
2.05 2.56 13.86
2.11 2.58 14.13
2.16 2.59 14.4
2.21 2.6 14.65
2.26 2.61 14.91
2.31 2.62 15.15
2.36 2.61 15.4
2.41 2.62 15.66
2.47 2.63 15.92
2.52 2.62 16.16
2.58 2.62 16.41
2.63 2.61 16.62
2.68 2.6 16.84
2.73 2.58 17.09
2.79 2.57 17.34
2.84 2.55 17.56
2.9 2.53 17.78
2.96 2.51 18.0
3.02 2.49 18.23
3.07 2.46 18.45
3.13 2.45 18.68
3.19 2.41 18.89
3.24 2.37 19.1
3.31 2.34 19.31
