21.2294442344 47.4889142246
22.2914225346 49.8644920234
20.1568485066 45.0895859164
21.0917052194 47.1808008233
21.7109740871 48.5660658267
23.1638678538 51.8160966188
20.4999103957 45.8569935058
21.6888432711 48.5165606012
20.3542371614 45.5311317615
21.3389609714 47.7338961878
20.739926478 46.3938941906
21.3289824641 47.7115749026
21.25095054 47.5370224599
21.5415190959 48.1870058074
20.8141027974 46.5598218912
21.0754471317 47.1444325169
20.7247518042 46.3599494121
21.1553160431 47.3230941832
20.6259844329 46.1390130949
21.2666262003 47.5720879134
20.2760257899 45.3561779064
20.8990939998 46.7499417962
19.7884921425 44.2655961979
20.4326816177 45.7066070127
19.0374156893 42.5854860233
20.5303868508 45.9251673943
17.8959215931 40.0320364547
19.3837552677 43.3602255947
18.3896507966 41.1364772272
19.3978750893 43.3918107362
18.925196715 42.3344593271
19.0526679344 42.6196043238
18.0081945174 40.2831838333
17.3856236171 38.8905323934
17.3072122779 38.7151312232
16.3261044694 36.5204555618
18.4773830525 41.3327286945
17.7657448704 39.7408394195
16.3138892334 36.4931308573
16.8589952848 37.7124983654
15.2451794164 34.1024950841
15.7063416878 35.1340857045
16.2327628629 36.3116563349
16.1849848986 36.2047800728
14.8495111351 33.2174103468
15.0183253792 33.5950370558
14.5971140998 32.6528142591
14.5553255035 32.5593358315
15.4590028209 34.5808044172
15.5609983247 34.8089618612
14.2093938581 31.78550878
14.7242565239 32.9372237617
12.7582888107 28.539479239
13.0451613692 29.1811948757
14.7010702879 32.8853576288
14.9500879076 33.4423941792
13.1853177582 29.4947157885
13.3903442425 29.9533469716
13.2532689029 29.64671817
13.6246331331 30.4774362933
13.3126444481 29.7795374818
13.9412838868 31.1857638555
12.4780244627 27.912545748
12.8090216257 28.6529653138
13.1171496138 29.3422279924
