-0.0 0.0 8.36
0.24 2.4 8.44
7.67 2.41 8.4
7.25 0.0 8.29
0.0 0.0 0.0
0.22 0.85 1.64
0.39 1.22 2.54
0.5 1.44 3.12
0.6 1.65 3.62
0.68 1.83 4.11
0.71 1.94 4.39
0.69 2.02 4.86
0.83 2.13 5.07
0.82 2.15 5.4
0.85 2.11 5.67
0.94 2.14 5.9
0.95 2.13 6.14
0.97 2.16 6.4
0.95 2.07 6.51
1.02 2.07 6.92
1.02 2.02 6.86
1.04 1.85 7.17
1.13 1.89 7.4
1.05 1.7 7.6
1.07 1.57 7.67
1.11 1.5 7.78
1.04 1.37 7.92
0.94 1.13 7.98
1.01 1.02 8.11
1.03 0.89 8.24
1.09 0.74 8.45
1.02 0.51 8.44
1.03 0.36 8.6
1.05 0.19 8.58
0.98 -0.03 8.73
