107.779836129 241.096626767
57.7527103905 129.189133718
36.2607322229 81.1129478115
31.7740893607 71.0766135726
30.8559339569 69.0227584299
17.4099189071 38.9448794091
27.8515210153 62.3020780909
15.6372569211 34.9795474828
19.0233782206 42.5540851001
16.2854520155 36.4295186125
14.1718997231 31.7016367887
13.7189403072 30.6883954336
15.3320950896 34.2969199075
8.44242798939 18.8851735452
24.3062426706 54.3715163035
4.55538039173 10.190095713
20.5993678002 46.0794733834
14.3265774469 32.0476410025
16.7180355214 37.3971803553
8.92668053412 19.968415636
7.38128609568 16.5114667343
11.9872293038 26.8146682462
15.2020314449 34.0059758207
10.8369785173 24.2416305192
10.5268329734 23.547854697
15.8038915419 35.3522985132
13.9244929057 31.1482035006
12.9905151505 29.058954766
9.9457608946 22.2480334768
15.9889232865 35.7662027376
