17.5 -335.0 6 1
19.5 -343.5 7 2
26.0 -350.5 8 3
51.5 -490.0 13 4
87.5 -490.0 14 5
122.5 -492.0 17 6
127.0 -485.0 22 7
234.0 -478.0 23 8
304.5 -471.5 29 9
307.0 -471.0 31 10
302.0 -461.5 32 11
491.5 -410.5 32 12
250.0 -379.0 32 13
302.5 -457.0 33 14
537.5 -384.0 33 15
577.5 -363.5 34 16
618.0 -349.5 35 17
654.0 -338.0 36 18
686.0 -327.5 37 19
238.0 -118.0 37 20
715.5 -319.0 38 21
709.0 -240.0 38 22
359.0 -243.0 38 23
485.5 -229.5 38 24
743.0 -312.0 39 25
769.0 -306.0 40 26
275.0 -451.0 41 27
325.5 -445.5 41 28
326.5 -368.5 41 29
793.0 -301.0 41 30
271.0 -446.5 42 31
814.5 -297.5 42 32
272.5 -348.0 43 33
836.5 -293.5 43 34
856.5 -291.0 44 35
875.5 -288.0 45 36
1249.0 -208.5 45 37
893.5 -286.5 46 38
107.5 -157.5 46 39
303.0 -460.0 47 40
335.5 -328.5 47 41
910.5 -286.5 47 42
314.0 -460.5 48 43
926.5 -287.0 48 44
273.5 -359.5 49 45
333.0 -328.5 49 46
942.5 -287.5 49 47
958.0 -289.0 50 48
227.5 -215.0 50 49
273.0 -369.5 51 50
972.0 -290.0 51 51
985.5 -291.0 52 52
287.0 -361.5 53 53
998.5 -293.0 53 54
1012.5 -295.5 54 55
152.5 -432.0 55 56
1023.5 -297.5 55 57
486.0 -224.5 55 58
1051.0 -210.0 55 59
515.5 -182.5 55 60
551.5 -143.0 55 61
238.0 -127.5 55 62
1035.5 -301.0 56 63
1047.5 -305.0 57 64
358.5 -453.0 58 65
1058.0 -309.0 58 66
1067.5 -311.5 59 67
367.0 -344.5 60 68
1072.0 -314.5 60 69
1028.0 -381.0 61 70
367.0 -347.0 61 71
1075.5 -318.0 61 72