35 2.6 2.3022995649 17.4865454331 0.370878698067
35 2.6 2.03021449386 17.4565101804 0.305911046487
35 2.6 2.13832385595 17.4371400338 0.31586239541
35 2.6 2.07065940556 17.4984017374 0.319890488492
35 2.6 1.994834354 17.4321701325 0.300905492461
35 2.6 2.01696131088 17.4451926998 0.300925092526
35 2.6 2.0689290516 17.4431653009 0.277221438179
35 2.6 2.32596344395 17.4686815092 0.291465984668
35 2.6 2.11357955279 17.4603007493 0.314548820829
35 2.6 2.15005530333 17.4609414074 0.355533974728
35 2.6 2.40927010604 17.4905173239 0.309171261561
35 2.6 2.18725575858 17.4720539804 0.33249405009
35 2.6 2.10781828333 17.4649866896 0.329559194797
35 2.6 2.17072756645 17.4557569598 0.297846876389
35 2.6 2.01006462733 17.4533798207 0.272730728545
35 2.6 2.35241623393 17.454544069 0.305910091067
35 2.6 2.08877328119 17.412661969 0.293508293217
35 2.6 1.81828269021 17.4526585581 0.300542790787
35 2.6 2.2268840112 17.4839415635 0.36471403438
35 2.6 2.0541094182 17.4631461288 0.349568512194
35 2.6 2.1553359965 17.4783131285 0.2789472844
35 2.6 2.02182373913 17.4252476263 0.283628446675
35 2.6 2.08686273265 17.480958411 0.377250242068
35 2.6 2.04701212567 17.4444708765 0.316487797609
35 2.6 1.85494263942 17.4403445094 0.306104756734
35 2.6 2.24631883387 17.496849004 0.299965921485
35 2.6 1.89158119422 17.4736516735 0.318888184119
35 2.6 1.92822889857 17.4305847358 0.329165337784
35 2.6 2.11154581124 17.4630435385 0.286909467804
35 2.6 2.00838551247 17.4717444723 0.305086493714
35 2.6 2.10559840517 17.4564560206 0.312453427254
35 2.6 1.85433335011 17.4557571566 0.253437537942
35 2.6 2.27587296142 17.442850374 0.320191927251
35 2.6 1.91671189325 17.4558362225 0.263326482829
35 2.6 2.16771981074 17.4525765784 0.322060793041
35 2.6 1.75813068968 17.4441793969 0.286357374281
35 2.6 2.13877394609 17.4561255361 0.327914453437
35 2.6 1.87103625224 17.4802360779 0.333261720899
35 2.6 1.90287352465 17.4876629091 0.313040793808
35 2.6 2.21946766997 17.4384436217 0.281200961344
35 2.6 1.82330546377 17.4329107373 0.268861621724
35 2.6 2.02894897949 17.4592525881 0.300991774138
35 2.6 2.04910596589 17.4514290509 0.311597266512
35 2.6 1.99364225202 17.4395725113 0.289131428897
35 2.6 2.19789945959 17.4903041079 0.336700580477
35 2.6 2.00982015555 17.4859128883 0.293815497866
35 2.6 1.96286766874 17.4438178397 0.314255858228
35 2.6 2.00604260662 17.447443595 0.359084065802
35 2.6 1.8622702539 17.4595242059 0.278483989305
35 2.6 2.08232330407 17.4632382527 0.323387975592
35 2.6 2.11794867175 17.4598570441 0.303081404882
35 2.6 2.02370442437 17.4627090807 0.318052665404
35 2.6 2.12165666838 17.4639830953 0.275433919129
35 2.6 2.10113486851 17.4531383085 0.299961611058
35 2.6 1.98787067112 17.5146338492 0.304519332788
35 2.6 2.40320236396 17.4714627054 0.309740820522
35 2.6 1.92392521879 17.4561149166 0.285661094561
35 2.6 2.02675211004 17.4544989926 0.288462207654
35 2.6 2.16619410873 17.4257358645 0.379290313445
35 2.6 1.91717624326 17.4679415561 0.352179954213
35 2.6 1.97475404287 17.4812310616 0.31614221814
35 2.6 2.33621662338 17.441514743 0.318052198492
35 2.6 2.19543107191 17.4595782379 0.292496397082
35 2.6 2.20411454533 17.4642451391 0.315476468391
35 2.6 2.10732117808 17.4470752117 0.271990361651
35 2.6 2.15601283126 17.4964358991 0.3310361438
35 2.6 2.08732893509 17.4570483203 0.294392991597
35 2.6 2.13832877095 17.4511790553 0.326251478497
35 2.6 1.80949010188 17.462520405 0.278279728735
35 2.6 2.30458758775 17.4670844342 0.274651043481
35 2.6 2.01339577074 17.4972934948 0.316853016446
35 2.6 1.9889302804 17.4316009808 0.291606827333
35 2.6 2.06192804466 17.4773025144 0.299491897848
35 2.6 1.90105490304 17.4444589922 0.3046075418
35 2.6 2.1219137507 17.4661501221 0.317206358186
35 2.6 1.95822310751 17.4808425802 0.306334204487
35 2.6 2.05079358362 17.4687148525 0.307925977152
35 2.6 2.3058742859 17.4144422984 0.299461984537
35 2.6 2.16509910701 17.4428686446 0.282309210248
35 2.6 1.96496337965 17.4567688311 0.27598106665
35 2.6 2.09456238581 17.4374728692 0.270619960408
35 2.6 2.12231373537 17.4555927826 0.343217088859
35 2.6 2.33367981738 17.4201770174 0.289778065807
35 2.6 2.21697102979 17.4697022455 0.32063695396
35 2.6 2.14184519314 17.4507158764 0.32918414767
35 2.6 2.01650608822 17.4992134614 0.343842152522
35 2.6 1.98820585783 17.4544001657 0.28792021095
35 2.6 2.17549557142 17.4240315833 0.320513622483
35 2.6 1.94150144154 17.4397921457 0.287588369481
35 2.6 1.92808612478 17.446195019 0.287891448906
35 2.6 1.89981938426 17.4716265604 0.33949125927
35 2.6 2.09351539932 17.478284713 0.294692289837
35 2.6 2.01754020946 17.4432417181 0.276053048671
35 2.6 2.21478269284 17.4322639173 0.322309052072
35 2.6 1.83384296913 17.4724165228 0.30893859734
35 2.6 2.0082343815 17.4707824541 0.281188095579
35 2.6 2.23188522736 17.4839394358 0.331797018608
35 2.6 1.92877114772 17.4405346042 0.27103870794
35 2.6 2.1108486398 17.4589050691 0.288626594383
35 2.6 1.92892292286 17.4656606343 0.329580475993
