35 1.6 1.26563931367 8.34285383453e-05 0.0411382331525
35 1.6 1.23090383169 8.76893223136e-05 0.0363397874397
35 1.6 1.36619562286 8.04069382366e-05 0.0403109248773
35 1.6 1.16701857768 8.67518278698e-05 0.0356984327496
35 1.6 1.23256891842 8.40263190011e-05 0.039135908677
35 1.6 1.35877985127 8.71204520394e-05 0.0393134481407
35 1.6 1.28343978292 8.76918885973e-05 0.0410347249701
35 1.6 1.22055384577 8.52333330627e-05 0.0348359341485
35 1.6 1.13521528721 8.987865657e-05 0.0339221746932
35 1.6 1.32385935416 8.3131937016e-05 0.0491787920601
35 1.6 1.36967970261 8.49885275169e-05 0.0418532368413
35 1.6 1.22799116276 8.14291543009e-05 0.0387246976919
35 1.6 1.33375527341 8.34276598533e-05 0.0454065328984
35 1.6 1.21853527777 8.74109482069e-05 0.0374447247528
35 1.6 1.26106272938 8.42639848799e-05 0.0371271323865
35 1.6 1.23164553249 8.65700477538e-05 0.0600892659239
35 1.6 1.22422929844 8.24560297503e-05 0.0367729653626
35 1.6 1.39661279519 8.79227053964e-05 0.0701443962858
35 1.6 1.37770530526 8.21489309538e-05 0.0443108507447
35 1.6 1.13582436471 8.89497764859e-05 0.0312675296985
35 1.6 1.25816372038 8.5041848992e-05 0.0404956742267
35 1.6 1.38897292029 8.31683496844e-05 0.0487557778742
35 1.6 1.20917817516 8.38718661154e-05 0.0442685462216
35 1.6 1.19809201416 8.77572029182e-05 0.0428927764564
35 1.6 1.17172262895 9.00767261341e-05 0.0329384339349
35 1.6 1.24569396356 8.17342580927e-05 0.0380103502023
35 1.6 1.25986310064 8.44220155259e-05 0.039705779749
35 1.6 1.29686574201 8.18148653592e-05 0.039639930846
35 1.6 1.41169099418 8.42187651273e-05 0.0466294529044
35 1.6 1.2632836167 8.45140543231e-05 0.0398218281708
35 1.6 1.14584182806 8.09801345585e-05 0.0423345483789
35 1.6 1.27748229335 8.73095856641e-05 0.0395476954393
35 1.6 1.21736053663 7.99191871809e-05 0.0423596315399
35 1.6 1.44279005578 9.02101740614e-05 0.0427255197476
35 1.6 1.33764308177 8.79218782389e-05 0.0376589780835
35 1.6 1.30861304139 9.02664087603e-05 0.0416684216467
35 1.6 1.35613067863 8.95898969246e-05 0.0385847956949
35 1.6 1.41928761136 8.79697927273e-05 0.0480777133665
35 1.6 1.19922791188 8.62713315913e-05 0.034078342927
35 1.6 1.28586633921 8.68427631344e-05 0.0422653809208
35 1.6 1.28803038502 8.35562531405e-05 0.0395439220091
35 1.6 1.13404597209 9.03204382359e-05 0.0332285621058
35 1.6 1.42659289509 7.93174694022e-05 0.04450565779
35 1.6 1.23176859772 8.72574291667e-05 0.0318230443408
35 1.6 1.19034558532 8.36717428401e-05 0.0392628162819
35 1.6 1.27370570552 8.07958387473e-05 0.0446261576978
35 1.6 1.40014798886 9.00174622539e-05 0.0419730129323
35 1.6 1.37497415339 8.52287381894e-05 0.0399695762127
35 1.6 1.18669153601 8.84933096964e-05 0.0367563699226
35 1.6 1.04530258925 8.83165077423e-05 0.0343778826523
35 1.6 1.36364457153 8.26629235915e-05 0.0370268838379
35 1.6 1.32250338315 8.48093228012e-05 0.0488618608172
35 1.6 1.16734335699 8.59635820358e-05 0.0355034571094
35 1.6 1.1818623959 9.08790290121e-05 0.0351539919234
35 1.6 1.3078788788 8.78549074877e-05 0.0379417074594
35 1.6 1.17202223209 8.70366160254e-05 0.0362881856571
35 1.6 1.3057689365 8.13544267645e-05 0.0383821577767
35 1.6 1.36477486384 8.35984177877e-05 0.043385970828
35 1.6 1.27143599195 8.68830569019e-05 0.0379735102442
35 1.6 1.22048283369 8.57334911475e-05 0.0351012391611
35 1.6 1.20763979262 8.54815579109e-05 0.0369765937345
35 1.6 1.15345395861 8.49684339426e-05 0.0359217229813
35 1.6 1.27441581138 8.76448407099e-05 0.0339214154397
35 1.6 1.15066318992 8.42916244993e-05 0.0422725154652
35 1.6 1.28868433662 8.50581635505e-05 0.0439561284594
35 1.6 1.30685225868 8.65083332284e-05 0.0469322318665
35 1.6 1.20411859858 8.43963845073e-05 0.0368096934558
35 1.6 1.29842016224 8.75530486683e-05 0.0431470433314
35 1.6 1.41670111826 8.51577026152e-05 0.043336180066
35 1.6 1.20960339555 8.64803516291e-05 0.0356299687637
35 1.6 1.22680895411 8.53334012459e-05 0.0342802849116
35 1.6 1.27197240306 8.33623529001e-05 0.0420069884104
35 1.6 1.26632049069 8.52809274308e-05 0.0427003380862
35 1.6 1.24783911528 8.24660867368e-05 0.0390562228649
35 1.6 1.26987354367 9.0189044193e-05 0.0534651461028
35 1.6 1.15624241766 9.05952942354e-05 0.0345389173329
35 1.6 1.24705344683 8.19721815261e-05 0.0411545119236
35 1.6 1.22791937588 9.00255219292e-05 0.0400242186789
35 1.6 1.28850718366 8.14143362611e-05 0.0428888076785
35 1.6 1.19936418641 8.62121309684e-05 0.0332592258601
35 1.6 1.29408783196 8.9655514593e-05 0.0393471303424
35 1.6 1.18439826029 8.93926572155e-05 0.033992647187
35 1.6 1.25067748656 8.03186747045e-05 0.0541738411641
35 1.6 1.24057237934 8.38810810365e-05 0.0427574531778
35 1.6 1.24670347271 8.84597694583e-05 0.0375743472693
35 1.6 1.21428972187 8.32949928698e-05 0.0336533083037
35 1.6 1.20479742594 8.5125939022e-05 0.0345805711309
35 1.6 1.24210084011 8.241048501e-05 0.0403623742814
35 1.6 1.40033225443 8.54562044285e-05 0.0582874309854
35 1.6 1.24372372025 9.01863098746e-05 0.0526033331098
35 1.6 1.20539458798 8.26555585988e-05 0.0365243029062
35 1.6 1.29424847615 8.46098675302e-05 0.0357520197444
35 1.6 1.52727403882 8.72188544308e-05 0.0468074597069
35 1.6 1.33995963922 8.72764894234e-05 0.0486966474572
35 1.6 1.32538272862 8.47225417213e-05 0.0422115838487
35 1.6 1.31672307458 8.29917216233e-05 0.0412330162776
35 1.6 1.17046752261 8.40050452182e-05 0.0535297640008
35 1.6 1.4585226578 8.59038653408e-05 0.0445371970045
35 1.6 1.43129647518 8.51011806229e-05 0.0472192501441
35 1.6 1.37637795924 8.53108490515e-05 0.0420339282615
