22.7 -2.55 -1.24
18.97 1.57 1.07
20.68 2.4 -5.21
23.02 -0.0 -2.96
0.0 0.0 0.0
6.46 1.38 0.58
8.78 1.93 0.67
10.23 2.27 0.73
11.27 2.48 0.77
12.1 2.62 0.79
12.81 2.69 0.79
13.43 2.71 0.78
14.0 2.69 0.74
14.54 2.64 0.69
15.06 2.56 0.63
15.56 2.44 0.54
16.05 2.31 0.45
16.53 2.15 0.34
17.0 1.97 0.22
17.47 1.78 0.1
17.93 1.57 -0.03
18.38 1.34 -0.17
18.82 1.11 -0.3
19.25 0.86 -0.44
19.67 0.61 -0.56
20.07 0.35 -0.68
20.46 0.08 -0.79
20.82 -0.19 -0.88
21.17 -0.46 -0.94
21.49 -0.73 -0.98
21.78 -1.01 -0.99
22.03 -1.28 -0.95
22.25 -1.56 -0.86
22.42 -1.84 -0.7
22.54 -2.12 -0.45
