384.633154151 860.399860857
138.437225457 309.675253511
86.1540833222 192.721195515
62.0070507159 138.705821982
48.8296101948 109.228727071
41.0265529239 91.773785089
36.2431117377 81.0735319086
33.3084254422 74.5088256344
31.5622153665 70.6026649461
30.5931585895 68.4349466746
30.1276019345 67.3935260979
29.9740622608 67.0500676299
29.996958485 67.1012850248
30.09708289 67.3252569399
30.2013763201 67.5585546984
30.2550580788 67.6786373725
30.2176055704 67.5948584974
30.0581840845 67.2382427902
29.7547431707 66.5594647982
29.2914213608 65.5230434277
28.6581445233 64.1064434881
27.8511979004 62.3013553033
26.8742373168 60.1159567199
25.7414966676 57.5820880546
24.4880064139 54.778110217
23.1854116653 51.8642887528
21.9764821604 49.1599904711
21.1347433694 47.2770744228
21.1349967681 47.2776412596
22.6771132357 50.7272575493
