0.0 0.0 14.21
-0.13 1.6 14.83
6.17 1.98 19.54
5.69 0.0 16.92
0.0 0.0 0.0
0.05 0.04 0.32
0.1 0.08 0.66
0.16 0.15 0.96
0.23 0.21 1.28
0.29 0.26 1.62
0.36 0.32 1.99
0.42 0.38 2.32
0.48 0.44 2.67
0.55 0.49 3.0
0.62 0.55 3.35
0.68 0.61 3.7
0.74 0.66 4.06
0.79 0.72 4.43
0.83 0.77 4.8
0.9 0.84 5.16
0.96 0.89 5.52
1.02 0.95 5.89
1.07 1.01 6.26
1.11 1.07 6.62
1.15 1.13 7.0
1.19 1.18 7.36
1.23 1.23 7.72
1.27 1.29 8.07
1.31 1.35 8.43
1.35 1.4 8.76
1.4 1.47 9.13
1.42 1.5 9.42
1.46 1.56 9.75
1.49 1.6 10.05
1.52 1.65 10.38
1.54 1.69 10.68
1.55 1.73 10.97
1.59 1.78 11.27
1.61 1.81 11.53
1.65 1.85 11.81
1.68 1.87 12.03
1.71 1.92 12.32
1.74 1.95 12.58
1.76 1.98 12.81
1.8 2.01 13.05
1.82 2.02 13.25
1.85 2.04 13.45
1.88 2.06 13.67
1.92 2.07 13.88
1.95 2.09 14.06
1.98 2.1 14.25
2.01 2.1 14.42
2.04 2.1 14.58
2.07 2.11 14.77
2.11 2.12 14.95
2.15 2.11 15.1
2.19 2.11 15.27
2.22 2.1 15.4
2.25 2.09 15.54
2.29 2.08 15.69
2.33 2.06 15.84
2.36 2.05 15.97
2.4 2.03 16.1
2.45 2.01 16.23
2.49 2.0 16.38
2.53 1.97 16.49
2.57 1.96 16.64
2.61 1.92 16.74
2.65 1.89 16.86
2.7 1.87 16.98
