0.0 -0.0 8.35
0.24 2.4 8.42
7.67 2.41 8.37
7.25 -0.0 8.27
0.0 0.0 0.0
0.25 0.79 1.67
0.36 1.18 2.49
0.43 1.44 3.1
0.56 1.64 3.62
0.62 1.78 4.03
0.68 1.92 4.43
0.74 1.99 4.74
0.77 2.08 5.13
0.82 2.1 5.42
0.87 2.14 5.64
0.9 2.15 5.88
0.95 2.16 6.13
0.97 2.12 6.37
1.02 2.08 6.58
1.05 2.01 6.77
1.03 1.94 6.96
1.07 1.87 7.12
1.03 1.82 7.34
1.05 1.71 7.49
1.06 1.59 7.59
1.05 1.48 7.75
1.0 1.33 7.9
1.04 1.17 7.97
1.04 1.02 8.14
1.02 0.88 8.24
1.04 0.74 8.33
1.06 0.54 8.4
1.06 0.33 8.49
1.02 0.16 8.56
1.02 -0.01 8.65
