108.014242434 241.620978737
53.2647352828 119.149819331
38.3217517009 85.723317076
33.164583517 74.1870604118
25.4271621194 56.8789416965
24.9681546846 55.8521713083
19.0011695635 42.5044057491
23.0681703224 51.6020273382
17.0357404376 38.1078660119
13.3147628175 29.7842761393
14.0300876484 31.3844122126
14.7866224027 33.0767322592
14.1529329812 31.6592093955
13.1359144235 29.3842036762
11.7987915583 26.3931450149
11.4559943764 25.6263295586
10.5325446085 23.5606312608
13.3383939868 29.8371375595
10.6925573174 23.9185694962
9.23305233738 20.6537498409
11.0784821205 24.7818586936
12.8900053784 28.8341208093
10.1071999159 22.6091622821
13.0536932134 29.2002800675
10.3522065557 23.157226526
9.20568319126 20.5925268048
12.2749233389 27.4582214738
13.3937684121 29.9610066208
11.3200342153 25.3221953402
11.0133686155 24.6362039311
