35 1.2 0.931838415374 1.1512307924 0.929866078401 65.3569289016 48.395202242 0.791241722435 0.30349442745
35 1.2 0.979214088173 2.10246436846 2.18249469036 52.9809100446 42.3252965639 0.943262922363 0.415436789241
35 1.2 0.971332343954 1.41115714224 1.09742202657 72.66295544 53.3176531178 0.758030735639 0.347726599013
35 1.2 0.988492357939 1.94412601686 2.50292570067 14.0599991469 12.9733800522 0.285725070472 0.244890517069
35 1.2 0.875735567127 1.74927274437 2.34074897348 15.2483725404 11.91718916 3.78232782827 2.52660753174
35 1.2 0.969901479543 1.68549614114 1.80340407178 14.4722813327 8.72224053494 0.239525273259 0.142009182691
35 1.2 1.04708903278 2.20184162056 2.78814705356 79.6509226715 62.5592155292 3.43319898609 1.9167883324
35 1.2 0.902320533415 1.37834310635 1.06156896655 51.6418664756 28.1084648874 0.82748655419 0.284835245317
35 1.2 0.914029491613 1.84294006292 2.09420327033 37.1442106699 27.769787089 0.441581036219 0.264519149876
35 1.2 0.93324553394 1.42543071014 0.993947864455 18.0092392056 10.4555176078 0.173676119628 0.0743064203055
35 1.2 1.02650906894 1.94029754206 1.74110875875 103.321249576 83.9047761099 1.06857918197 0.426015796897
35 1.2 0.919495879176 2.13711469949 3.77137822041 10.6947648759 10.0188061907 0.525607472792 0.420897158847
35 1.2 0.911220929458 2.13834285576 3.50406976394 26.4543955932 23.4805703071 0.735316098882 0.607099263575
35 1.2 0.938009427475 2.491714265 3.80674715672 14.0769277862 12.0249839323 0.713219864261 0.544298595303
35 1.2 0.996889836729 2.17144435003 3.63176609723 12.2013989898 11.4173311689 2.47001972762 2.28298682838
35 1.2 1.00157021416 2.25769538164 3.12637199302 44.0998317129 26.6272514209 0.71588358817 0.482387408816
35 1.2 1.02994843563 1.01473928345 0.685564098351 82.9483319026 43.0048760971 1.52191759374 0.500857700315
35 1.2 0.944131095029 3.01382016289 5.33388757815 74.3635922824 55.0866338942 3.54640422007 2.09013511774
35 1.2 0.861731289011 1.61410345069 1.88709013574 24.5984901517 15.6849249066 0.426590418141 0.17992747318
35 1.2 0.857349592252 1.44410520169 1.23740658832 8.27459857238 5.33167026456 0.133740187642 0.046980659757
35 1.2 1.07229592757 3.01743722583 5.07234577099 119.968641275 108.10086636 2.00320799647 0.584326005232
35 1.2 0.966007374753 1.36958964102 1.07722392754 50.2762105893 28.1975522538 0.865445881622 0.317229763048
35 1.2 0.98780560759 2.17024450023 3.59091905509 70.6764541642 46.7081160436 5.42355115793 2.43584112918
35 1.2 1.01473079903 1.51552509838 1.77064011003 20.6075180686 17.3642043957 0.68066647225 0.377098439985
35 1.2 0.897177501136 2.52168762645 4.35699740774 8.11902822016 7.77494585093 0.612402250556 0.263304921252
35 1.2 1.04325418654 3.54267592658 6.95363310789 16.945078113 15.9931018369 0.875461413076 0.690276540653
35 1.2 0.918261976891 1.67300557983 1.5930288101 3.57688959177 3.26287712193 0.222589042201 0.143516897128
35 1.2 1.01577467808 2.07011440454 2.33177594945 62.3162582712 44.4369060022 0.990100370389 0.577528277821
35 1.2 0.863802807022 1.30650768747 0.803216115924 105.11622309 84.3246226698 1.00497700125 0.487299929665
35 1.2 0.822402030483 2.02994344511 2.78259975656 27.7548887482 25.999098229 3.50498093172 2.32942916682
35 1.2 0.939539747328 2.32083033733 3.35286955921 61.3666515443 47.586254517 2.75422740797 1.90883259462
35 1.2 0.94305648659 2.45681638431 4.06896344648 9.19225120982 8.70940805656 0.507636741626 0.378520193561
35 1.2 1.1295617975 1.85791984749 1.86616604223 31.9327081259 17.9532990519 0.576748077326 0.283532660397
35 1.2 1.02348289131 1.37913444557 0.961493659197 30.5636873837 22.3891139617 6.39488723725 2.89745403971
35 1.2 1.00207451776 2.59534881804 3.78121771729 97.0616275724 83.6777840679 1.50468340517 0.403435241044
35 1.2 0.922710317977 1.177850196 1.06107429437 51.7906966708 31.0838572906 1.02389196544 0.381841406131
35 1.2 1.01874030388 3.43194556492 7.02622899864 16.527665816 14.7046107427 0.874557363709 0.699879648195
35 1.2 0.935621038122 2.55856332902 4.10777654264 11.0698891386 11.3230944454 2.03868435538 2.21727272908
35 1.2 0.915389948121 1.35553386247 1.03283953699 6.83020888359 6.65311340333 0.269290705699 0.21685361139
35 1.2 0.964038714876 1.31973436474 1.04020525252 112.334415284 90.0840958346 6.36516824171 2.30617477396
35 1.2 0.961412939176 2.13301560943 3.14609804592 14.0832417428 13.8339645447 0.686651833025 0.323982129501
35 1.2 0.972552114046 1.54118000554 1.33289928069 33.4135700838 20.9876821232 0.5723520871 0.219049031059
35 1.2 1.05750635531 1.22598146181 0.950915119656 87.6142964522 67.6741967298 0.83642268135 0.368198587152
35 1.2 0.96593425219 1.18098598658 1.17282211882 65.753901792 49.2799579286 0.684113974232 0.359805757161
35 1.2 0.863302716358 1.63273575392 1.49350909793 60.11639927 44.5620932311 4.12523657417 2.12399267899
35 1.2 0.922593593531 1.78854471302 1.55692973022 97.7358116119 53.0400569808 1.87829073156 0.645311458907
35 1.2 0.927603571738 1.65059783183 2.33296356791 72.8856201654 55.7379805931 4.41965765821 2.08799837919
35 1.2 0.943868470289 1.66919495294 1.30969358775 5.47113028324 5.90709242155 0.189681988294 0.191249157298
35 1.2 0.954793122759 2.38350560367 4.31385717541 13.901984472 14.4811272193 0.615293413715 0.493585868757
35 1.2 0.870858909186 1.87466489842 3.23304976726 10.7726431489 10.8136397071 3.28214318643 2.54303566219
35 1.2 0.996985115362 1.72069179176 1.54676515375 36.5862073616 19.9149241147 0.607302164658 0.28553257905
35 1.2 0.926329156042 1.48607730722 1.17920530895 29.5698723022 21.3285690005 6.15024176253 2.77239207885
35 1.2 0.931904553393 2.76452029601 5.49022768975 33.3257529971 35.4514868161 1.15756815522 0.667573581769
35 1.2 0.963973794223 2.19118504171 3.85136151176 84.8540177954 73.5402273407 1.43270973134 0.419652175941
35 1.2 0.944440890628 1.43325974914 1.16891381968 40.7882967872 23.3552687807 0.834904217063 0.305009077544
35 1.2 0.9522805325 1.71963485131 2.07624819083 38.0819372399 31.4984546098 0.78718007248 0.410084898714
35 1.2 0.904989147142 1.65151456517 2.03515091239 64.8533450467 43.8264184934 6.08773394579 3.0581316845
35 1.2 0.991658311631 1.56015739116 2.01284195192 93.5481693853 71.6309333931 1.05058319632 0.514896344345
35 1.2 0.85818985673 1.25438338617 1.5579891052 15.8128910203 14.1208805601 0.354674756286 0.261168074743
35 1.2 0.852706060365 1.44755600303 1.67166807368 86.8396508642 68.8806176468 0.943722014555 0.401261134649
35 1.2 0.960390990239 1.95760430309 1.85634533592 136.79909451 118.472797928 1.66034863639 0.51204424993
35 1.2 0.949053321784 2.17867064171 3.12917396191 67.4842391374 36.3093197853 0.942916174384 0.484388080734
35 1.2 0.94502353622 1.43316836118 1.13137172323 20.3371999343 12.3666488621 0.377191060643 0.155533544431
35 1.2 0.990094527615 1.43920008151 1.35032822137 28.5153575333 17.064361494 0.474677502856 0.159160967061
35 1.2 0.939302852679 2.60743598021 4.71866237782 36.1133088644 35.8295830568 2.50188536898 1.87332382559
35 1.2 0.910404069229 1.48852045545 1.50867157013 82.7736137693 64.7126607774 5.70303005627 2.24157573548
35 1.2 0.810565279902 1.8277552868 2.63339296402 41.346092585 33.7826440365 0.727724698244 0.342066217584
35 1.2 1.00082937084 1.09506144574 0.782723045374 86.9555535033 45.2058987825 1.52518261506 0.521307654367
35 1.2 0.937526300344 2.30204316023 3.89978710389 9.44618770848 8.53375095687 0.508376155942 0.383913870535
35 1.2 0.935324512331 1.96692384181 2.02811063323 49.6194115646 33.7003354455 6.37445155081 2.40892266399
35 1.2 0.939226711505 1.40881685367 1.60256285324 12.5299009773 13.3245598884 0.48700576624 0.393542626031
35 1.2 0.889209862401 1.74844992174 2.4564091879 17.9273702218 14.2317317407 6.6667180696 2.789741698
35 1.2 0.930140649737 1.64736232347 1.38249878598 77.8037082816 40.0010790891 1.20971049174 0.431479285018
35 1.2 0.97933454143 1.8944869831 2.03107331545 10.4687941721 10.9050698503 4.83626628154 2.67824085763
35 1.2 0.949366676629 1.66818635439 1.70066903151 36.3558177125 27.9540083382 0.542860205786 0.302884849278
35 1.2 0.950346727125 1.87730913096 2.2828707572 22.3706606648 13.235401719 0.412375050202 0.269847864754
35 1.2 0.944242028963 1.74886734637 1.70841909491 62.3616659261 48.715822974 0.809358102406 0.339571825399
35 1.2 0.945215921201 2.26321770366 3.70840417501 12.0373728147 10.3690142819 0.585282542564 0.423446483116
35 1.2 0.892166519264 1.39599371669 1.28155677213 11.0874636936 11.8386429986 0.577051897109 0.4899993555
35 1.2 0.846494142535 2.7941659845 5.50698683488 72.7142445474 56.6608692301 1.28908574103 0.707735487603
35 1.2 0.905978912654 1.22195160122 0.795902660339 56.303097019 40.5793372963 0.721448910353 0.271277087204
35 1.2 1.03086482519 1.4756640211 0.799694275938 5.211888983 3.15209329152 0.137210118731 0.0735093163975
35 1.2 0.820114346804 1.5057031069 1.70575726641 25.073725555 14.7774457829 0.392352964725 0.212525633774
35 1.2 0.91834574779 2.60433720302 5.38085920807 47.3173596934 29.181689115 0.808513788669 0.581556453712
35 1.2 0.966211225093 3.37397491813 6.44796234976 14.4004448233 15.2547753473 0.763115955152 0.563675416483
35 1.2 0.853490331561 2.46280114451 3.33400934365 37.0781408799 30.9374502354 0.675541082802 0.314496998426
35 1.2 0.948903261408 3.79889424291 8.74031592083 50.63392554 52.5154782342 1.53444710004 0.726845411735
35 1.2 0.971005144109 1.15611916079 0.995781200558 62.2224771939 45.2242050301 0.734656582456 0.258592441626
35 1.2 0.905410825001 1.56380179158 1.634652067 41.7274081677 31.3531523016 5.4932762196 2.45179051105
35 1.2 0.956692823021 1.13861020298 0.780479531976 8.55647269743 8.54419552157 0.342671344729 0.241602390759
35 1.2 0.857414629449 1.69375714563 2.27797084474 128.53084204 106.899065933 6.09694976789 2.23803738806
35 1.2 0.92652119682 2.47006466793 3.94736889755 39.435876033 35.0086383364 0.869223816191 0.399556078902
35 1.2 0.945310360501 1.54217628454 1.31522527496 49.122697718 37.1570470266 0.588145723064 0.322558902697
35 1.2 0.993643763034 2.20175179555 2.95080000145 47.2314580563 34.0380868768 3.21646493211 2.05348191596
35 1.2 0.973969358172 2.1262934582 3.15087286683 96.8735564463 81.7319684766 1.30408838523 0.37264118285
35 1.2 0.979040948167 1.46699057544 1.24225444493 47.9956406612 34.557719221 4.51355620882 2.23282888396
35 1.2 0.979547879125 2.34273187138 3.64596645316 40.0892195511 34.6737773439 0.826433745638 0.360613392569
35 1.2 1.00879690466 1.37344638656 1.06187672472 84.5621896935 64.2539927836 0.784185769473 0.391333202806
35 1.2 0.921299024791 1.47270368388 1.03109425213 38.3183246142 26.0683088905 0.540701471106 0.205259127809
