0.0 -0.0 8.01
-0.0 2.44 8.01
7.32 2.44 8.02
7.32 0.0 8.02
0.0 0.0 0.0
0.15 0.8 1.62
0.28 1.19 2.46
0.38 1.47 3.03
0.45 1.67 3.52
0.49 1.86 3.95
0.59 1.99 4.34
0.64 2.07 4.67
0.6 2.14 4.98
0.65 2.16 5.18
0.68 2.17 5.45
0.74 2.21 5.72
0.69 2.19 5.9
0.74 2.17 6.11
0.8 2.1 6.29
0.84 2.08 6.49
0.79 2.0 6.64
0.83 1.95 6.83
0.84 1.84 6.95
0.88 1.71 7.09
0.88 1.63 7.29
0.92 1.5 7.44
0.95 1.36 7.57
0.95 1.22 7.63
0.94 1.07 7.77
0.97 0.88 7.86
1.0 0.74 8.0
1.02 0.57 8.08
1.02 0.38 8.23
1.0 0.18 8.29
1.03 0.01 8.32
