105.404860854 235.783958387
53.9602665519 120.705678468
37.5034040955 83.8927256197
30.7826944491 68.8589263171
27.1558543019 60.7459159738
24.9274513298 55.7611204968
19.5271397417 43.680967528
18.5116608566 41.4094059583
12.1297624722 27.1335058632
15.8043944937 35.3534235843
16.145028781 36.1154007832
10.8071824895 24.1749787033
12.5601265431 28.0962028712
11.6813133978 26.1303538544
11.6904036567 26.1506881845
10.1035893597 22.6010856981
11.6196586865 25.9924361931
9.74432053074 21.7974242166
11.2016079369 25.0572833005
12.8181874468 28.6734686717
11.2648079551 25.1986577145
11.1324940118 24.9026798533
8.75497685041 19.5843254348
12.1572352689 27.1949607591
12.1091662669 27.0874334641
11.823564499 26.4485605049
11.0789685339 24.7829467692
13.7742103835 30.8120310729
12.4910035802 27.941579207
9.91491529508 22.1790338359
