-0.0 0.0 7.99
-0.0 2.44 7.99
7.32 2.44 7.99
7.32 0.0 7.99
0.0 0.0 0.0
0.19 0.82 1.62
0.28 1.2 2.43
0.37 1.49 3.04
0.45 1.69 3.52
0.48 1.85 3.95
0.53 1.97 4.31
0.57 2.06 4.63
0.64 2.13 4.92
0.67 2.17 5.19
0.68 2.18 5.46
0.72 2.21 5.67
0.74 2.21 5.89
0.75 2.18 6.1
0.79 2.14 6.3
0.82 2.07 6.48
0.83 2.02 6.65
0.86 1.93 6.81
0.88 1.84 6.97
0.89 1.73 7.12
0.89 1.62 7.26
0.92 1.49 7.39
0.96 1.36 7.5
0.97 1.21 7.64
0.96 1.05 7.74
0.98 0.89 7.86
1.01 0.73 7.96
1.0 0.56 8.05
1.02 0.35 8.12
1.03 0.18 8.21
1.03 -0.02 8.32
