106.257012988 237.69016842
52.1033420663 116.551856698
38.8965625347 87.0091322901
30.4671252923 68.1530182184
27.1145708649 60.6535675556
22.1380025028 49.5213011866
19.5870065122 43.8148856796
17.7733656226 39.7578865567
15.5711123649 34.8315863248
15.6349648861 34.9744203466
12.6522415034 28.3022581688
13.1574054885 29.4322778196
12.1776003638 27.240516179
12.0775382258 27.0166835512
11.1482503876 24.937925862
10.2157441653 22.8519688526
10.6929487446 23.9194450938
10.7788864968 24.1116823706
10.6698748142 23.8678301817
10.4031226078 23.2711224908
10.8089615663 24.1789583848
10.3351172911 23.1189989298
11.7119522765 26.198891074
10.9246525422 24.4377517273
11.8666672649 26.5449786463
10.880560859 24.339121441
11.1259864572 24.8881228683
13.3840037069 29.9391635974
10.6964156844 23.9272004174
13.5146029434 30.2313057691
