35 0.8 0.62374910615 1.09798563596 1.38219374 80.8404679365 64.4375568082 0.975761657021 0.355736971457
35 0.8 0.681246909146 1.15772688332 1.20406012251 27.748922933 20.4757297643 0.720131690992 0.377306513202
35 0.8 0.630087946977 1.09080964492 0.942497693261 32.8650846721 24.6316887084 0.463959044014 0.294066285839
35 0.8 0.755254356448 1.81956646524 1.93471246525 13.0037053363 9.27253811155 5.15854880831 2.59938916253
35 0.8 0.60124296566 0.972610607992 0.686804437982 66.0653170876 36.2381054861 1.22580925908 0.413871072041
35 0.8 0.718079237451 1.73087037856 2.15454341167 18.9624364288 14.1476966448 0.424506118531 0.32789673237
35 0.8 0.59914967177 0.853238900293 0.714742944211 35.2515659924 21.1053908883 0.79016383896 0.288554053725
35 0.8 0.67300845731 1.96715340609 3.61561642454 34.8031534971 31.3426643887 0.808999154726 0.403076767254
35 0.8 0.646299164417 1.82750749818 2.92199476285 10.9162763372 11.3592173389 0.451854025619 0.322482372091
35 0.8 0.601617885343 1.99050472507 3.39398162905 39.4444744507 27.7491796283 3.58417414966 2.15298228664
35 0.8 0.627735036226 1.10613289385 1.31483636642 14.2733108772 9.40688122214 0.241543904832 0.18838561823
35 0.8 0.704380709491 1.96121045301 3.71438982618 28.9153356966 19.6053864109 0.575610275362 0.449053282077
35 0.8 0.630726110122 0.931322174819 0.734398621899 33.1072884037 22.6434411491 5.34137933345 2.42096150541
35 0.8 0.545429669265 0.909598851793 0.992323045593 69.2148595785 50.9519407409 0.781462465648 0.27320573192
35 0.8 0.577175127182 0.684530085483 0.449841989497 88.2906255843 68.4126411903 0.81570716869 0.413031582175
35 0.8 0.59653881866 0.771855593662 0.502177353019 24.9861311707 14.9916750192 0.399847553804 0.166735905715
35 0.8 0.762980175173 1.08269762148 1.05381422985 25.4396253128 19.4226952375 6.10509046259 2.41337104899
35 0.8 0.690384872881 1.76109823218 2.85942572281 15.0283314886 16.1961501553 0.526853449519 0.34494127046
35 0.8 0.694650622344 0.826045116175 0.628228818493 41.125697976 25.7745794747 0.860646153041 0.327285538072
35 0.8 0.665086541851 1.9165690074 3.17453260776 76.1583337139 45.8538570325 1.5406790731 0.657043087456
35 0.8 0.656217435835 0.933645754834 0.913021836265 69.4426681824 37.6512717064 1.27963424795 0.425316281408
35 0.8 0.688064574308 1.03960873822 1.04655050797 27.1120040265 18.7698232231 6.30894721704 2.80855874479
35 0.8 0.607891654136 0.85302398509 0.668118813687 3.1395800824 3.29715027626 0.138466332371 0.124611338811
35 0.8 0.661072499452 2.3065990033 4.26028616694 21.5141276319 22.9875224277 2.86816195582 2.2518037308
35 0.8 0.655687882292 0.924128065279 0.974134996655 12.8219746516 8.62925815175 0.178187959206 0.176825336359
35 0.8 0.649593994302 1.05947622207 1.2365631984 43.9386205366 30.2545123417 5.2663541622 2.3150657511
35 0.8 0.660203526991 0.939620953229 0.682447084229 8.99940453027 6.00954220525 0.216722351326 0.103032918861
35 0.8 0.612161546605 1.02599371363 0.858550539519 37.7893713539 23.4090012005 0.688550158199 0.286149792969
35 0.8 0.687240896014 1.94460627176 3.26936720252 38.3634694134 26.0088242218 0.652758300676 0.390242822592
35 0.8 0.609079528798 1.82595503018 3.21560215906 12.6777809057 13.0413068448 0.563592753475 0.394862283374
35 0.8 0.669956376322 1.0086027564 1.25865773393 5.11183285077 4.62532711167 0.151996248987 0.154112165866
35 0.8 0.65083299052 1.33985878701 1.4444716373 41.4337839851 25.8588607594 0.839453045271 0.363228122147
35 0.8 0.628303519479 0.888855099585 0.648099789493 21.7821942826 14.500505662 0.329080498869 0.134289840484
35 0.8 0.611188162636 1.79656278802 2.64709484333 29.0463592294 24.8279722298 0.603677032021 0.319179054705
35 0.8 0.564786282031 0.927881620009 0.885312234965 14.1502301647 10.6303874433 0.226392540787 0.160614582803
35 0.8 0.674511691665 0.978659127134 0.794922146926 47.3281489942 34.1702472466 0.551508998989 0.265631937117
35 0.8 0.588411509114 1.06770822607 0.913235122914 5.06587378146 4.65200147757 0.217630202021 0.161016206066
35 0.8 0.70523144385 1.35992256272 2.35905366386 13.6350114523 10.2037934039 0.341327975282 0.247105784416
35 0.8 0.61466103992 1.69753769443 2.80247123504 21.6123635436 19.4696937794 0.502936594609 0.305855940659
35 0.8 0.665598779114 2.15286836675 3.82825539184 65.7939013376 36.7440184294 1.02329490041 0.522400875635
35 0.8 0.669182668435 2.0751349355 2.92821372798 40.7291403429 23.9519955921 0.659475417835 0.407737054477
35 0.8 0.589091352722 1.60252017323 2.72216362656 19.5338511769 20.0850199997 0.684384671678 0.52918787928
35 0.8 0.684407023451 1.64620008717 2.93884556862 26.3031922583 22.8859562631 0.556996269646 0.306883654375
35 0.8 0.570029925487 1.25809646527 1.72732967977 23.5914097934 15.2268171332 0.447634239538 0.241988088082
35 0.8 0.642596933072 1.48406295211 1.6793597568 64.0028901998 41.1512322699 1.46582073089 0.631419254122
35 0.8 0.616393441492 1.76632930217 2.95695052889 41.4500544911 31.0415010642 4.73447485689 2.44414076356
35 0.8 0.695696177787 1.34104517889 1.44686824286 31.2602597628 24.4792268242 0.520187927637 0.292059804397
35 0.8 0.59828227599 1.20235099884 1.25128188904 24.7059725064 14.4548532511 0.388186743164 0.230654902527
35 0.8 0.666092424748 1.15753411777 1.74535080801 7.2944280123 7.92596563516 0.301849407041 0.261352418117
35 0.8 0.640721473464 0.834672329865 0.660006488329 60.7436637904 32.0151375028 0.945062973299 0.318328908669
35 0.8 0.677065381718 0.983830211513 0.819532305487 18.8066275027 13.8509818403 0.26228427299 0.175212012014
35 0.8 0.651152022344 1.32141201156 1.72428471968 27.1691505299 20.1208408165 6.43907506296 2.84148142333
35 0.8 0.61990060026 0.93738893745 0.765203492488 5.56437073045 5.50081032892 0.246458941124 0.0897829780514
35 0.8 0.617143238876 0.959115911202 0.618599146097 40.7012420483 24.2348332317 0.8362230827 0.293177665306
35 0.8 0.629264720562 0.87339713646 0.732115493773 60.5159071194 35.4805318759 1.25780368788 0.453232478797
35 0.8 0.623277038981 0.831961816942 0.553999672989 20.4804164442 12.8482953347 0.305787343545 0.188147383041
35 0.8 0.663581230374 0.682048799304 0.520384163985 16.869554656 11.1163083127 0.260758928125 0.10237341309
35 0.8 0.67974902333 1.46297292999 2.07238276544 47.3041701138 33.7562250588 4.11726817473 2.18203833647
35 0.8 0.635702747129 0.807769360366 0.578498093844 48.7486584735 34.386572544 0.63523197819 0.241029622043
35 0.8 0.588001846992 1.09749773032 0.969832457312 4.20673469102 3.50325262962 0.232577648017 0.150192128629
35 0.8 0.566028371801 1.13026090183 0.80721171433 33.9535529272 23.2818663264 0.477215948893 0.185347004582
35 0.8 0.646934723208 2.44701317797 5.31645530324 14.9492900603 14.3726042595 0.745161561777 0.595596005574
35 0.8 0.668334681528 0.790152464554 0.548923079619 52.9526850839 29.7821171144 1.00535487067 0.349422425144
35 0.8 0.621892159486 0.754271677654 0.609307751272 104.724654991 83.089408749 0.922248884354 0.493203795132
35 0.8 0.643930164916 0.948257603583 0.781793954856 76.0163168361 42.3800461761 1.53000231906 0.521942320078
35 0.8 0.678547154466 1.35318802412 1.55143112365 45.4520773826 27.1799238759 0.864381757664 0.340030608624
35 0.8 0.6410195891 2.54232390379 4.94701550457 29.219345703 30.4159706055 2.33743371632 1.87920493924
35 0.8 0.627923755941 2.11629579454 3.97273508544 56.7383431845 31.2494608045 0.923384670502 0.431901849467
35 0.8 0.60649253881 1.21631753756 1.6747446581 23.649535768 15.7637423902 0.498401328231 0.298830873026
35 0.8 0.636374120021 1.07344752092 0.961736505764 4.20019247408 3.86766299422 0.207146342057 0.160135913208
35 0.8 0.655114669666 1.36136523171 1.94759722611 25.0081234531 21.0762126204 0.812343789983 0.465091592391
35 0.8 0.607315175567 1.53435210164 2.6502427217 13.8280582879 13.4764069277 0.610905001618 0.489391123097
35 0.8 0.611580230062 1.35909787316 1.71023804208 42.6040158564 32.6775651609 0.569005557984 0.303749243432
35 0.8 0.588182306594 1.28155342964 1.60109099433 5.21824362762 5.51012990599 5.35864712327 2.79076929548
35 0.8 0.665485425684 0.889474663999 0.699398535179 126.27858363 103.811837132 1.18540853002 0.540206578212
35 0.8 0.660065597114 1.01926129441 0.959906618811 9.91571785502 7.21392347219 0.188024952428 0.107691776204
35 0.8 0.659046329858 0.900833941232 0.689440180283 40.221749286 23.6336246559 0.716528979347 0.244656534273
35 0.8 0.633558086254 0.780802943888 0.720824715299 85.8353866068 65.5252282178 0.779160934784 0.410477748961
35 0.8 0.637048273269 0.884128054918 0.948516370126 79.6181960744 60.7275556938 0.753706920885 0.397923231443
35 0.8 0.670219239969 1.46005671312 1.45056858578 20.0117849828 12.3650911874 0.424661192354 0.1963859549
35 0.8 0.683495590868 1.02387976124 0.989123822486 76.3203071963 58.9841302474 0.784264059145 0.398999642226
35 0.8 0.593340651856 1.74135967128 2.89895383035 10.499069271 9.89174268563 0.510866569347 0.412694990734
35 0.8 0.661095875976 0.861435226365 1.00427197795 1.8039337318 1.68889710828 0.170175127769 0.0663574062269
35 0.8 0.582769474389 1.39778323876 1.97799583546 14.4460063511 11.6207375809 3.78069902903 2.54664008137
35 0.8 0.599725682915 1.18414384599 1.40472164848 26.9461943998 15.9158513257 0.509797303611 0.207518329558
35 0.8 0.618879749691 1.69617554552 2.88621663461 9.36478924935 9.965825995 0.429871516512 0.343718962445
35 0.8 0.56947372462 0.746207544275 0.736615299433 50.8987984917 36.683463576 0.560874752795 0.280056361878
35 0.8 0.746648964463 1.73204249495 2.23443280328 8.94065584858 9.8093526498 0.333375555421 0.257407237734
35 0.8 0.655486917015 1.06375952278 0.83138762354 22.5386394691 14.6818450166 0.514531777372 0.209098152968
35 0.8 0.66956158739 0.681402677407 0.553447372607 2.02627107823 1.96021197116 0.0863137342396 0.0346414779331
35 0.8 0.673239224534 1.47531765126 2.14884247961 9.46559372515 10.3244082484 0.456843091266 0.286263535131
35 0.8 0.69958409453 0.801984794133 0.670473850354 18.2791663292 12.0335572603 0.271446918297 0.100532691413
35 0.8 0.640192536258 0.824243080389 0.759381460752 58.7135374884 34.1459249921 1.18049768172 0.414669114935
35 0.8 0.584381501031 0.661631512022 0.513050275883 61.4758745627 45.7211240937 0.667180903783 0.265928081272
35 0.8 0.694196359801 1.2721274655 1.18383849099 35.7524664545 20.6620368336 0.68834788368 0.238558494113
35 0.8 0.671082869764 1.38265180212 1.48765670673 15.02683844 9.18329834689 0.317342798948 0.178028527447
35 0.8 0.582537530804 1.32220716207 2.18911131729 60.7228977541 32.1175555115 0.899301864584 0.370219046806
35 0.8 0.627526015661 1.95719648368 2.99919166474 34.0669341508 27.1442146183 4.18030424933 2.41260328436
35 0.8 0.646915943958 1.13692452139 0.734386294456 22.2867253344 14.0780567802 0.37736433822 0.144766323977
