-0.0 -0.0 9.13
0.77 1.53 6.34
4.14 0.4 -2.32
4.17 0.0 -2.13
0.0 0.0 0.0
0.06 0.44 1.14
0.22 0.64 1.56
0.38 0.78 1.82
0.53 0.88 1.99
0.67 0.95 2.12
0.8 1.01 2.22
0.92 1.04 2.3
1.03 1.06 2.36
1.14 1.07 2.41
1.24 1.07 2.46
1.33 1.06 2.51
1.41 1.05 2.56
1.49 1.03 2.61
1.56 1.0 2.66
1.62 0.97 2.72
1.68 0.93 2.79
1.73 0.89 2.87
1.77 0.85 2.95
1.8 0.8 3.05
1.83 0.75 3.16
1.85 0.7 3.27
1.87 0.64 3.39
1.88 0.57 3.52
1.88 0.5 3.66
1.88 0.43 3.8
1.88 0.35 3.94
1.87 0.27 4.08
1.87 0.18 4.22
1.86 0.09 4.35
1.84 -0.01 4.49
