70.7238163212 158.204671296
28.7335910666 64.2752125989
19.461494797 43.5341239692
14.6868005317 32.8534370933
11.7776191138 26.3457836055
9.84811829449 22.0296132011
8.50429044095 19.0235559081
7.53918040039 16.8646662345
6.83149089051 15.2816098878
6.30586387328 14.1058157379
5.91586516614 13.2334134769
5.63576297884 12.6068427292
5.45579211618 12.2042593754
5.37751225961 12.0291523235
5.40713742369 12.0954219281
5.54953870512 12.4139645222
5.80106501082 12.9766128433
6.14759909162 13.7517875044
6.56554100396 14.6866969353
7.02611366091 15.7169686258
7.49907477966 16.774952516
7.95739311579 17.8001814345
8.37868137954 18.7425764402
8.74648625774 19.5653325199
9.05180307818 20.2483067955
9.29015337221 20.781481218
9.46397302688 21.1703047114
9.57859877956 21.4267152173
9.64254020636 21.5697481154
9.66521363845 21.6204671385
