1170 -402 14
1125 -389 15
1080 -375 16
1034 -363 17
996 -352 18
957 -339 19
918 -333 20
886 -324 21
853 -319 22
820 -313 23
790 -306 24
758 -302 25
730 -297 26
702 -293 27
677 -293 28
653 -288 29
630 -287 30
607 -287 31
584 -287 32
563 -284 33
546 -284 34
527 -286 35
506 -286 36
483 -286 37
467 -289 38
455 -292 39
437 -295 40
421 -295 41
407 -299 42
392 -303 43
380 -306 44
366 -309 45
349 -314 46
338 -317 47
323 -320 48
314 -326 49
298 -332 50
289 -336 51
279 -342 52
267 -347 53
258 -351 54
245 -355 55
236 -362 56
227 -367 57
218 -375 58
207 -382 59
199 -389 60
