23.7133245818 53.0451963136
24.8588464559 55.6076557647
25.4459909392 56.9210605669
26.392242946 59.0377660205
24.1109334642 53.9346220518
25.1060665008 56.1606712548
23.2760210086 52.066976081
24.0630440057 53.8274963842
22.9379920641 51.3108268678
23.6014935719 52.7950374692
23.4728904328 52.5073604403
24.3335257658 54.4325468492
22.4148405099 50.1405701711
22.879456829 51.1798872762
21.8318849591 48.836535744
22.23375767 49.7354993951
21.3393945713 47.7348661233
21.8831425823 48.9511957816
21.1071440682 47.2153365445
21.5401879595 48.18402814
20.9775490341 46.9254407097
21.2118854899 47.4496364317
20.3450903013 45.5106708184
20.3756513987 45.5790340462
21.0310061856 47.0450209519
21.5895740194 48.2945016096
19.2107693075 42.9732670227
19.976936963 44.6871352555
18.0515897941 40.3802563026
