0.0 -0.0 7.76
-0.31 2.48 7.56
6.72 2.45 7.28
7.22 -0.0 7.49
0.0 0.0 0.0
0.1 0.85 1.58
0.15 1.24 2.35
0.18 1.52 2.93
0.21 1.73 3.4
0.23 1.89 3.8
0.26 2.02 4.14
0.28 2.11 4.45
0.3 2.18 4.73
0.33 2.23 4.98
0.36 2.25 5.21
0.38 2.26 5.42
0.41 2.25 5.62
0.44 2.23 5.81
0.48 2.18 5.99
0.51 2.13 6.15
0.55 2.06 6.31
0.59 1.98 6.46
0.63 1.88 6.61
0.67 1.77 6.75
0.71 1.66 6.88
0.75 1.53 7.02
0.78 1.39 7.14
0.82 1.24 7.27
0.86 1.08 7.39
0.89 0.92 7.51
0.93 0.74 7.62
0.96 0.56 7.73
0.98 0.38 7.84
1.01 0.19 7.94
1.03 -0.01 8.04
