104.222228863 233.138485969
50.2810813721 112.475575622
37.2220644705 83.2633868028
29.8438379844 66.7587642201
24.9457238021 55.8019948533
21.4088800901 47.8903008017
18.7223159654 41.8806280158
16.6169415965 37.1710396861
14.9388859036 33.4173360099
13.5950753302 30.4113173714
12.5271863026 28.0225176518
11.6965803051 26.1645049533
11.0758835986 24.7760459656
10.6421375705 23.8057837347
10.3741408398 23.206292122
10.2488821853 22.9260964921
10.2422840278 22.9113368342
10.329886977 23.1072990505
10.488138716 23.4612981083
10.6951999408 23.9244808763
10.9326241265 24.4555836536
11.1853191033 25.0208462173
11.4417000024 25.5943539547
11.6933205217 26.1572130257
11.9342990857 26.6962667205
12.161229689 27.2038960223
12.3721060198 27.6756129393
12.5662096459 28.1098103846
12.7435804561 28.5065775869
12.90509692 28.8678796264
