35 1.6 1.30646743751 1.31265159371 1.20617736787 151.942886394 67.011115828 2.55066157492 0.814924170898
35 1.6 1.32464473529 1.88174201136 1.51635103037 11.4646671541 8.81803176379 5.00455130646 2.67940445984
35 1.6 1.28856419238 2.80549818718 3.8703228362 34.8266700346 31.1470915675 3.19180564688 2.18819776123
35 1.6 1.24633600429 1.43285569823 1.05104537059 79.6685543593 43.9493904005 1.56696608059 0.529935622055
35 1.6 1.23179536897 1.91827496844 1.3398544321 8.67903231421 9.17483633959 0.467905624495 0.213233983057
35 1.6 1.39864520383 3.86528663836 7.6261610961 17.2171834198 16.8992007916 0.881144531918 0.70491694643
35 1.6 1.21811247575 1.93666315356 1.24452315387 13.7917431368 9.10756634369 0.208680728252 0.0783108480517
35 1.6 1.31343372993 2.79731935993 4.32545688945 262.36746202 233.792508624 3.49651480541 1.54374312553
35 1.6 1.29273461471 1.77098474254 1.60283073508 120.003636232 102.818924622 1.59419387222 0.434448950553
35 1.6 1.3386276682 3.22162804174 4.31093994262 70.0040788108 37.4464693926 0.98654759812 0.501364844098
35 1.6 1.32623210911 4.74138600555 9.07074491564 106.247756718 74.152413786 2.92426579344 1.7480164077
35 1.6 1.19000802477 3.47687096388 5.81371958279 27.8805305081 29.9328318366 1.34128539398 0.561718250086
35 1.6 1.25141873894 3.29637605441 5.5542692423 54.193481313 31.2236827683 0.869668398551 0.574838925166
35 1.6 1.0959295643 2.58215762116 3.68777296452 75.6039161639 63.9203279685 1.26932887327 0.384765901303
35 1.6 1.28501322809 2.31220345776 3.56914631784 31.2734172174 22.7257565501 0.56652464016 0.437047869583
35 1.6 1.35538189135 2.39057213884 3.50826659939 57.0162948827 33.3240940589 0.89462491399 0.479086868587
35 1.6 1.38215770982 4.75474274945 10.5621709255 32.3735465631 34.5962572627 1.28929556169 0.939096429515
35 1.6 1.21394178248 2.12018880205 1.47884165568 13.8117473742 9.4146623056 0.297120782798 0.121486367362
35 1.6 1.1361783462 2.67022728712 3.63496897454 61.4769687095 33.6507199194 1.07596557888 0.461126807138
35 1.6 1.23957448834 2.37431040913 2.89461939453 76.6437296842 46.3548923652 1.73415873125 0.685505185579
35 1.6 1.12884403103 1.66745250421 1.43287964328 186.429180573 166.982423289 2.01669409588 0.712314412682
35 1.6 1.16763276173 1.3424915606 1.16305117834 19.7685498932 12.0309725272 0.316602965515 0.109339932154
35 1.6 1.30973593446 1.54035002383 1.57962954653 10.243278735 10.0166918804 4.06815407185 2.72390658942
35 1.6 1.2492472681 1.60122490961 1.43644326542 12.0398376404 7.20716522055 0.172690338871 0.150377197752
35 1.6 1.20402976552 3.40461680865 6.07968086924 40.8795154014 30.0794846966 0.834175090647 0.636383298208
35 1.6 1.12210521748 1.8696228026 1.52619490721 236.831952921 87.4719428251 3.29364910717 0.999543561185
35 1.6 1.18108150629 3.01305307052 4.50397957482 52.8317835186 36.2736592792 4.48883005793 2.39268629182
35 1.6 1.33952468335 3.25750797023 5.17644958205 14.5815721851 14.8890446998 3.22142608893 2.4624338678
35 1.6 1.22167762621 1.46876013593 1.18842668943 84.1534405039 65.421017315 0.941369617168 0.399807555764
35 1.6 1.30009620511 3.22716891871 5.25164473559 19.5034191667 19.4921445104 2.20323144182 2.00549797671
35 1.6 1.21169080269 2.36081283616 2.30931246995 27.2262341557 17.8169475145 0.610058215329 0.265629502032
35 1.6 1.14142949835 2.42642382986 2.8489690024 48.5141103291 33.9853581527 0.727488408522 0.445813928398
35 1.6 1.29997483457 2.24997695504 2.24200052557 14.2868664796 10.6816834157 4.25342057184 2.5697113954
35 1.6 1.23518726243 3.60446603972 6.5451855954 45.8093922067 30.7352852704 0.896111669356 0.675756974935
35 1.6 1.28096000317 3.40199969657 6.70348952869 52.5338412811 30.4074099187 0.914454027364 0.574842178932
35 1.6 1.3081671821 2.22028613898 2.82627561424 47.4828151086 26.1476727736 0.633545997136 0.374245767259
35 1.6 1.34068304079 2.48704320781 2.10730820236 68.3847536427 54.0787414665 0.930893781571 0.343989181819
35 1.6 1.16052318461 2.01043558916 1.57927491667 41.1181002808 25.5841148221 0.870760168363 0.351017139224
35 1.6 1.12305232075 1.95736858395 2.37801418427 67.9156961724 43.8597221945 5.95421753464 2.38686929667
35 1.6 1.36654863485 2.18358473096 1.84732122691 4.85968473438 4.03413662116 0.284507777864 0.1441821222
35 1.6 1.37107733228 5.02391119037 9.20721938941 33.2684594737 26.5516838805 0.910818277996 0.706269224932
35 1.6 1.22014679392 3.23653027406 4.35136542005 18.9361318832 20.1098530332 0.603421965752 0.344993511965
35 1.6 1.32376995093 1.7940022533 1.45188547636 133.310139737 108.561105826 1.22254424326 0.632604834851
35 1.6 1.23343122673 2.2045035943 2.77846598383 98.8087971722 51.8184922938 1.42847190824 0.617026585386
35 1.6 1.26052956162 1.91968792376 2.34280748098 11.0972372527 9.21319726113 4.51960286223 2.60303960435
35 1.6 1.27115220139 1.925880455 1.4143947193 124.28557127 100.570856652 1.04692226022 0.5379271409
35 1.6 1.20564108388 3.04909446663 4.75675804372 43.0334114705 42.5190493021 2.63193780753 1.860853502
35 1.6 1.23452492732 3.09921946361 5.04303645741 114.291557318 56.9453276599 1.44878087064 0.640221118168
35 1.6 1.33721763551 1.94223269211 2.37973218529 124.556360352 106.735228361 1.62121389453 0.470653023358
35 1.6 1.28951780929 2.43672090666 2.37384030446 14.9262667011 9.19851587708 0.375317557405 0.157155540408
35 1.6 1.3318806296 4.03871359892 6.88423150416 24.3310175761 26.5033376646 0.885218804276 0.603355430764
35 1.6 1.34243909145 2.12214037232 1.4773619692 96.589956478 76.6078943245 0.917023820082 0.45016513766
35 1.6 1.42036211706 3.09472749933 4.75969922601 25.9572891864 26.8062503466 2.21124833211 1.81114438658
35 1.6 1.2465352713 1.64498296164 1.25056091222 69.3753439467 52.126529302 0.768036304337 0.287196728391
35 1.6 1.2894678979 2.08984610098 1.59046231704 69.5244106812 36.9478466887 1.11038038487 0.382595853173
35 1.6 1.12236677122 1.79223102246 1.3691136574 46.2812349822 35.8403078803 0.670539509507 0.326100764421
35 1.6 1.3543167079 1.8907550683 1.27377355268 53.1442636552 30.7280468689 0.848502032282 0.289980451017
35 1.6 1.32281092017 5.03465809629 11.5945218802 61.4643290974 65.6572179161 1.60959307458 0.707613682831
35 1.6 1.27117734176 2.37094212053 2.23147005458 48.7446480839 29.5513413513 1.04822609689 0.42470752214
35 1.6 1.24810350258 1.59671363389 1.2516044067 25.3582572812 14.7103810391 0.318951763708 0.179068428007
35 1.6 1.21373244808 1.45017844117 0.999507363547 38.6416583672 21.5326828548 0.629953298423 0.214789089258
35 1.6 1.29643423455 1.80619223371 2.49228632001 28.7847587091 22.0613377551 0.595136971916 0.484433728353
35 1.6 1.10183818687 2.00711389153 2.41598267043 134.715018802 115.862091606 1.65514085292 0.503497602221
35 1.6 1.27601928359 2.9149246561 3.90225919979 62.21718875 39.6623194394 1.41297290247 0.616870199273
35 1.6 1.30579008044 2.01507846926 1.98234306397 59.1896023968 43.9716252199 0.625925768242 0.312588543452
35 1.6 1.21257165215 3.16563704204 5.97759320278 41.8937424226 27.6814422896 0.814625688378 0.505274606039
35 1.6 1.1933567193 2.10748830585 1.96819890618 6.05392056115 6.55756990801 5.77941319268 2.72646002607
35 1.6 1.30164745154 3.13402538046 4.35911120095 33.8007950141 27.9441493045 0.567585528146 0.275675593541
35 1.6 1.32101873885 1.71782588387 1.47572401208 83.1999502072 41.9564890553 1.63626851703 0.567100234602
35 1.6 1.25696245787 2.36967837282 3.24827022163 23.3151545817 13.8558126893 0.557813443126 0.262616651565
35 1.6 1.30457089263 2.14233083508 1.95716582292 62.1108868751 48.0043973561 0.80366477362 0.325471905807
35 1.6 1.323433797 2.09979416561 2.2348197554 119.342470736 54.5105567282 1.7853292553 0.686700634021
35 1.6 1.28140074424 2.22387440502 2.08368675885 21.0942179726 16.2392146125 0.227924789504 0.154490731601
35 1.6 1.39246577473 1.5100890418 1.21539781662 43.7232174977 30.2548808379 5.46778419302 3.25922722313
35 1.6 1.09628834086 1.25543836729 0.952598968821 13.7533831024 9.12467829113 0.215801431391 0.075219599863
35 1.6 1.2353637895 3.72913713062 7.2728907396 30.5208798062 32.1196573493 1.47751862391 0.621051112615
35 1.6 1.15345279999 1.36149531304 0.986599240147 11.672314357 8.35526040659 6.35669909331 2.58344983505
35 1.6 1.24037789231 1.80502860183 1.34264010691 115.593709982 53.1502492171 1.68014626529 0.561540149541
35 1.6 1.21480304812 1.1996966802 1.04500077094 82.6854815295 43.912225856 1.31256471907 0.441202585551
35 1.6 1.31455022186 4.06677809305 7.12445507227 61.9276748434 48.6944370668 2.84603709647 1.90048296276
35 1.6 1.22763673404 1.92971832546 1.3647832274 121.988969373 58.4031344768 2.10744391939 0.69199473522
35 1.6 1.25620299639 5.62459214995 13.4230358226 32.7082645194 36.9910711746 1.31088546307 1.0153288963
35 1.6 1.34217222881 4.09870054635 7.68229071946 21.4949307685 18.8789931281 1.19498351095 0.827732690858
35 1.6 1.31382311779 5.52000682651 12.5016069504 31.65832168 29.0276708492 1.1238360963 0.857612581972
35 1.6 1.16692219688 4.63533999544 10.3722097468 97.0485127355 57.4722890372 1.356040522 0.841928814162
35 1.6 1.25606065088 3.23619198383 4.10788299359 56.1191079164 47.2895710624 1.12053469943 0.439586732508
35 1.6 1.24188099922 1.57086192661 1.78277328103 49.8159172767 38.3168119901 0.587941472464 0.32579573315
35 1.6 1.35820721861 2.22416397199 2.74630359307 90.2658626401 74.7108798697 1.26757850297 0.37956569697
35 1.6 1.15676493413 1.91657002865 1.59011151197 76.5446373444 43.1088666114 1.53657472727 0.553498910243
35 1.6 1.23295107497 2.10551182399 2.06609072101 32.7708080291 22.5973251462 4.26542986652 2.29661966243
35 1.6 1.31331536748 3.13044307436 5.71684437431 80.2022112137 70.2401225395 1.99237097899 0.744397894186
35 1.6 1.30226568367 3.04452521516 4.21490913055 240.562215138 272.089175907 2.97253592444 0.804919029335
35 1.6 1.26679215377 3.76423783352 7.82394593392 37.4888045839 39.1006473188 1.13524895072 0.540252298864
35 1.6 1.25179839043 1.86298407999 1.47984396474 112.550090771 56.3265141016 2.10410806329 0.675570339213
35 1.6 1.35608536837 2.06391259597 1.43101678653 23.979765237 17.8285357194 5.03393505578 2.48427847119
35 1.6 1.31737439867 2.72140086726 3.00967650973 80.7071752288 62.8439928423 3.87851714386 1.99919344752
35 1.6 1.3429830914 1.66729717144 1.32041152161 96.7810387908 76.1582088447 0.947455685799 0.452566770103
35 1.6 1.24668114315 3.19071686309 5.41654211391 74.5382640579 41.215474436 1.0631907421 0.542918570203
35 1.6 1.24704123625 1.9135501891 1.60585624042 15.7424583956 9.43973175468 0.330414466576 0.149903274443
