35 1.4 1.17732194958 1.41127475572 1.02882918139 30.4370933149 21.4197813612 0.410181866896 0.271966743788
35 1.4 1.09374669227 1.12292788484 0.895692209113 63.4336881188 43.0692924553 8.61151454984 4.65841579107
35 1.4 1.10203117583 2.38891028184 3.85381351515 48.2175689403 40.7795019741 0.861225638211 0.335261677871
35 1.4 1.04461623357 2.57604429871 4.62426439422 25.6691012726 18.2811932928 0.561255008495 0.434667594233
35 1.4 1.03018220976 2.95053819014 5.85348200621 71.1143366802 60.112500216 1.71657106779 1.08587791561
35 1.4 1.10842470465 1.84855482844 1.8741739947 27.5732458329 17.5764503504 0.465812598619 0.279678030062
35 1.4 1.06164145236 2.42035026397 4.13279937586 52.2244165252 30.2241010499 0.922529962874 0.469842371224
35 1.4 1.11639748955 1.72031003228 1.32883483591 38.3585154007 22.7613533 0.735308047623 0.248198281025
35 1.4 1.049167543 1.35758174161 1.10467354072 68.5986855183 50.4847542074 6.08685998703 2.31146942015
35 1.4 1.18099895686 1.79973616568 2.09033917793 43.8788402131 24.9514317244 0.721308269597 0.230059830838
35 1.4 1.02122052035 1.52827362221 1.10080545013 9.53568137017 9.22820920395 0.300968049998 0.169159349808
35 1.4 1.05172234958 2.02053892129 2.38878212146 22.9860068602 18.21544829 0.515809557153 0.317402875315
35 1.4 1.05348025949 2.27173103566 2.66150523683 135.742980912 116.068819076 4.92212671609 2.02508365225
35 1.4 1.01048849207 2.28437510946 3.36092968119 95.5518956029 64.4640008036 3.95769688179 2.16258676098
35 1.4 1.08236952184 1.75714479848 2.39218992254 54.0123399078 39.8850977208 1.0087942011 0.599448364508
35 1.4 1.00577887637 1.18769380958 0.974472285118 237.331924631 234.756530942 6.5012035053 2.38092324018
35 1.4 1.1966404215 2.65166218304 4.21261651263 24.6718734561 26.2805541458 0.886449082485 0.508763893257
35 1.4 1.08557428758 2.38574660922 3.25609282418 10.0362206352 10.3751399213 2.50665734901 2.48406823212
35 1.4 1.1909672129 2.44061163657 2.03416882201 41.2878380519 34.4931918524 0.795798235746 0.391907374782
35 1.4 1.13663562991 2.52475676429 2.94983674627 59.046568345 42.0338968562 4.52510688434 2.14661662086
35 1.4 1.2931647847 2.42721360978 2.76005590407 71.1265183888 40.401684149 1.46143262193 0.554792214619
35 1.4 1.23573910401 2.87870569575 3.4079808632 96.4616989552 81.4688021717 1.44978582625 0.385858919944
35 1.4 1.36100212716 6.01547053094 14.9545736942 41.5166344225 41.6512206759 2.45120283445 1.2276508996
35 1.4 1.17926386365 1.71209948512 1.15623409271 26.8836192478 17.9987939089 5.69560647245 2.48745416772
35 1.4 1.13993943689 2.90791780189 4.39757870881 40.3418278325 29.7984322467 1.1057760579 0.578242667226
35 1.4 1.17721617624 2.45106955724 2.63110099103 112.794134664 87.9243961713 1.03683596436 0.334907058968
35 1.4 1.04738010855 2.50259634036 3.77371242592 69.3383695657 44.0878837541 1.4360187888 0.674957771174
35 1.4 1.15310537818 1.37035475127 1.28035181086 12.540365612 7.15542917808 0.200702143776 0.120705957239
35 1.4 1.07936641884 1.40317259506 1.0487224242 41.1067133991 24.4251787279 0.757242539807 0.282202681452
35 1.4 1.06203552714 1.86670066964 2.20420030451 8.37091737016 6.72797853298 0.227161368352 0.119936281918
35 1.4 1.04558855998 2.22044487333 3.61636957742 37.855103042 24.9259852685 0.658589257238 0.501764632856
35 1.4 1.03547646814 2.26557368148 2.89438927174 135.011528583 68.6133976168 2.66987265907 0.906201992363
35 1.4 1.13684255458 2.23074021852 2.63838211907 87.3008923077 71.7370330276 1.38892166812 0.414158597145
35 1.4 1.12352227988 3.00272615914 4.29749211076 118.34700645 75.7170260285 10.8607778333 11.2048045026
35 1.4 1.11547508972 3.16812713466 5.57993602574 151.437223546 146.231024033 2.30474524383 0.634421283834
35 1.4 1.14782640596 5.96871422791 14.0029630895 29.029472237 31.6530362298 1.5305661304 1.06332386385
35 1.4 1.19495076206 2.59074406219 3.46138905161 17.4628613469 18.3901541393 2.43328742675 2.11295894276
35 1.4 1.08507193127 2.10446591066 2.60886588388 103.226742795 85.9827393045 1.51647068485 0.425740388455
35 1.4 1.07432344248 1.76621992243 2.18224359574 99.4506462532 49.8467686114 1.59368653235 0.608045707959
35 1.4 1.18473468621 1.71285023165 1.30357900257 103.287794672 80.8981710552 0.945610376267 0.504090925815
35 1.4 1.16997086537 2.35928339246 2.1789860751 100.174463145 82.4448812764 1.1878017574 0.414860437563
35 1.4 1.22191798353 3.06793229894 4.09694254965 128.463315738 108.034981865 3.81278039859 1.81678871286
35 1.4 1.0809443336 1.81003345905 2.09032697781 22.0292396863 18.0488459964 0.519611692174 0.314281417076
35 1.4 1.11410301753 3.11724686874 4.59354596829 12.7226362957 11.3282241961 0.860626416556 0.360778412953
35 1.4 1.21691347755 4.03580663851 8.07840889257 33.1984934952 38.7341034995 1.27400916394 0.691614885095
35 1.4 1.01666729539 2.47166122865 3.91908463251 48.7756132252 27.5611551186 0.811721222332 0.46260535893
35 1.4 1.09079355554 2.22235428514 3.47247870093 98.4866166614 66.5317263731 5.71383313398 3.20952948561
35 1.4 1.08925887127 1.4746989813 1.28379980108 10.0802402189 8.79609358892 0.202664514234 0.194699090722
35 1.4 1.07155799224 2.04046657056 2.66051465911 17.2205928912 16.9821977542 0.698499186611 0.484201874209
35 1.4 1.28162747576 2.48689270932 2.96394310569 5.93902848862 6.32130622263 0.319028092413 0.223769955924
35 1.4 1.10211741575 1.23378229835 1.0353738843 100.534483257 79.2211730839 0.92226403593 0.448474170504
35 1.4 1.14624332689 3.65220451687 7.98284651158 50.1114050999 50.5279874177 1.43477091842 0.675998576963
35 1.4 1.12020033424 2.1475260469 2.06242887705 42.1496825686 25.0908859957 0.819484068004 0.401122876656
35 1.4 1.09942156762 2.34817009867 3.28322569234 69.9777153703 44.7836468157 1.5801452311 0.719045648712
35 1.4 1.05145634255 2.05366625346 2.05467518258 81.9013379128 56.0518033834 6.87701465194 2.55125157849
35 1.4 1.11345880893 2.5923102112 3.74026047182 17.1584185582 12.8894072385 0.577713272994 0.294083593568
35 1.4 1.19091271641 2.03222944106 1.65027901646 71.063369754 42.6246747805 1.60499873103 0.58458498797
35 1.4 1.18842510875 1.88638001168 1.86156911189 25.767327359 16.7354489687 0.482602252095 0.412990086536
35 1.4 1.09323492376 2.71725830335 3.65120101458 47.4055420249 28.4127768615 0.747480980862 0.511532326345
35 1.4 1.18440000991 2.17604911239 2.44225042706 64.0536926523 35.7681848013 0.995783164209 0.49781198237
35 1.4 1.09179639491 2.120181291 3.04797344676 83.7081350407 41.9818853613 1.03003587339 0.47040830515
35 1.4 1.082704278 1.44988346991 1.15182119277 47.9845256642 26.1561411074 0.615745298176 0.286531473988
35 1.4 1.10639533738 2.31041350141 2.87823533238 14.5665050292 15.2347672261 0.505154901905 0.328899000246
35 1.4 1.22207765003 1.99310042715 2.09774431584 122.036859669 101.598626452 1.43563854424 0.471944799476
35 1.4 1.17458817482 2.18513015432 2.38879470326 20.824047273 16.1715169614 0.362977853379 0.280842027809
35 1.4 1.10698550067 3.3893171522 4.84071599781 54.86577058 40.9071419408 1.17638159515 0.657487518401
35 1.4 1.1589828093 1.57859951717 1.72369505953 135.772523496 66.6315542339 2.46923702969 0.807473164875
35 1.4 1.06431256423 2.50035633608 3.37233342152 55.6903482696 45.4555753336 0.980564158413 0.372406850499
35 1.4 1.02584159908 2.65812138044 3.54567545599 35.859156525 33.7132606231 0.950100508866 0.489810743439
35 1.4 1.25544226417 4.45275458674 9.61678568468 26.1731179984 27.8222820053 1.0957808003 0.854792242771
35 1.4 1.10195320669 1.23224056063 1.14416246455 4.91780329912 3.873227781 0.12755252661 0.0437709368069
35 1.4 1.15788500557 2.15835823959 2.61373822305 158.353368936 139.766166838 1.80868653582 0.531116077721
35 1.4 1.05743346481 1.51793725575 1.03734533305 18.5341402522 10.8137201192 0.16928323942 0.0917130038327
35 1.4 1.20130439044 2.56731453125 3.82760003495 165.026677554 153.344285917 2.16729647643 0.570823065181
35 1.4 1.12261795386 2.46497139153 3.83972112888 9.15238215388 9.51992066655 0.43982166147 0.267877965474
35 1.4 1.14540839696 3.15064240787 5.28467778797 43.0835794024 36.3081265584 1.10359441496 0.527842516754
35 1.4 1.10866364704 3.44864565873 6.46804660803 33.5013380733 23.5656992515 0.781161900301 0.595748216282
35 1.4 1.20850448593 1.63425352436 1.22436939783 57.2631816385 34.6537645213 1.33110805201 0.478318015871
35 1.4 1.10614909411 4.05744293261 8.20045748408 27.0692153573 25.1493111759 1.83127514536 1.62762597088
35 1.4 1.00877222493 1.54704480526 1.22343607447 28.705830188 20.3700697883 5.39119791636 2.46275195294
35 1.4 1.22143488958 1.28167846334 1.0559880767 116.889486685 95.4890706361 6.0286294453 2.22631423168
35 1.4 1.11417004924 2.68983118337 4.16488572998 46.3270677452 28.9317203985 0.785334848987 0.565887565232
35 1.4 1.19739937103 2.06442691064 1.95896217657 32.6643785564 22.5841307836 0.714965477438 0.378261025658
35 1.4 1.00102587042 3.83530854547 8.6991608656 118.568504848 120.582277412 2.41166362005 0.831872271995
35 1.4 1.06308173207 1.43829422148 1.16253293687 88.7097247058 68.3923196395 5.93169308134 2.24048657285
35 1.4 1.11052943186 1.33713696157 1.08875488791 24.6369763224 16.8393706291 0.661043888317 0.278446914802
35 1.4 1.00480781382 3.33641740085 5.50168159979 33.7392510931 32.0635439834 0.876413665317 0.40699456699
35 1.4 1.15664926235 1.40255582779 1.10638412333 4.07267897493 3.78588165128 0.156326922499 0.107050263748
35 1.4 1.16561546519 1.77296015415 2.29320795792 91.4929333961 60.5132243813 6.07742959923 2.35511089045
35 1.4 1.14185903043 1.76373383745 2.01393006694 49.7123196271 35.6764895857 0.626145979114 0.385014474872
35 1.4 1.03345067781 1.93838798442 1.74782060104 82.3929151345 61.8633704458 6.11287807466 2.27867390131
35 1.4 1.10819341653 1.9251949408 1.26649967812 8.73169087089 9.41675837918 0.347155080297 0.297245316495
35 1.4 1.11456925049 3.31560463817 6.29797452325 111.829476025 57.8920875191 1.38072839827 0.674029749814
35 1.4 1.182494566 1.70607572862 2.01248643448 159.583957974 70.3349249783 2.20335139929 0.808922672316
35 1.4 1.11418471234 1.98224865815 2.10805288651 106.290597926 86.795095204 1.15390727486 0.384310049723
35 1.4 1.0839885624 2.58869136658 3.32886284583 92.8252988491 78.7731497263 1.47462351974 0.407862659593
35 1.4 1.16323245699 1.60432792005 1.564784169 47.8900645307 29.5928983847 1.0424847925 0.380564043191
35 1.4 1.07757151272 1.93258817828 2.72718340154 120.003996452 103.136539774 1.55512891167 0.434847994923
35 1.4 1.187177391 1.04814464815 0.787813273329 99.7826497352 49.5585593067 1.70470622274 0.558998996442
35 1.4 1.18712761141 1.4295179964 1.00387570329 59.3041399961 39.5449568921 1.35543811971 0.600364730075
35 1.4 1.0273465803 1.43740367187 1.03301747209 188.117710265 167.501385999 1.86067842303 0.699121141861
35 1.4 0.99779392887 1.04174825035 0.830568654804 97.1687868623 75.8736272324 0.922468277188 0.46838530638
