avg distance to origin: 1.0
std: 0.519409002699
distances:
0.747102967842
0.747103201939
0.747103047818
0.747103039487
0.747102808723
0.74710354267
0.747103221933
0.747103073644
0.999999698309
0.613904665716
0.613904580582
0.21042878553
0.193047586698
0.596524031074
0.596523873793
0.193047645859
0.210428582075
0.397682951934
0.0482615805985
0.301159457503
0.65057924598
0.650579344284
0.30115888934
0.0482618988365
0.397682687013
0.397682592875
0.0482618880065
0.301158317011
0.650579480076
0.999999698309
0.650579360112
0.301158405318
0.048261466466
0.397682941937
0.397683163537
0.0482615839309
0.301159037629
0.650579325956
0.650579264307
0.301158726056
0.0482617288874
0.397682517064
0.397682709506
0.048261754713
0.301158825193
0.650579363444
0.650579310127
0.301158938492
0.0482615164511
0.397683325155
