675.26 306.429
675.246 437.219
450.375 420.461
450.476 318.0
255.428 283.131
361.016 347.182
406.084 373.406
437.49 390.764
461.74 402.962
481.58 412.024
498.173 418.516
512.47 423.201
525.161 426.505
536.293 428.25
546.364 428.955
555.472 428.695
564.02 427.54
571.809 425.6
578.927 422.818
585.652 419.435
591.921 415.205
597.653 410.453
603.084 405.12
608.277 399.345
613.069 392.976
617.571 386.107
621.805 378.84
625.838 371.071
629.538 363.051
632.995 354.675
636.24 345.973
639.339 336.92
642.235 327.669
644.852 318.06
647.394 308.174