606.561 309.093
606.539 433.21
237.258 459.558
237.232 291.08
997.11 288.603
886.598 347.801
837.549 372.926
802.731 389.857
775.52 402.007
753.031 411.053
734.016 417.839
717.437 422.564
702.943 425.859
689.829 427.894
677.846 428.803
667.027 428.741
657.127 427.679
647.827 425.869
639.208 423.223
631.143 419.836
623.672 415.798
616.486 411.107
610.022 405.832
603.828 399.902
597.915 393.47
592.422 386.59
587.311 379.127
582.383 371.47
577.755 363.258
573.483 354.643
569.491 345.717
565.672 336.429
562.088 326.927
558.781 317.047
555.601 307.068