35 3.0 2.479900603 17.4868905355 0.258250146694
35 3.0 2.14556106736 17.4880049076 0.316489073018
35 3.0 2.37405149493 17.4318030857 0.307964799801
35 3.0 2.51808347856 17.4694686127 0.311472739122
35 3.0 2.12995355956 17.4780391618 0.24641520594
35 3.0 2.34168209223 17.4790028327 0.359400173581
35 3.0 2.05216334356 17.443082108 0.26118043852
35 3.0 2.18221667818 17.4382056549 0.27746106456
35 3.0 2.37133312097 17.4885320874 0.272901903418
35 3.0 2.49687859809 17.4713690706 0.32650460512
35 3.0 2.55999804592 17.4418486738 0.328527860788
35 3.0 2.48008468574 17.4210471754 0.251530701418
35 3.0 2.50105980819 17.4532206966 0.33085276468
35 3.0 2.20480332934 17.4286452262 0.312175111401
35 3.0 2.49693348537 17.4629952704 0.313027566349
35 3.0 2.3188401157 17.4495912906 0.325753736189
35 3.0 2.59738276947 17.495798926 0.372870780633
35 3.0 2.39168382271 17.4548707377 0.288839032263
35 3.0 2.40083670919 17.4017963084 0.331278340042
35 3.0 2.13614648037 17.4709275083 0.342054282881
35 3.0 2.09005470989 17.4808465733 0.31767430991
35 3.0 2.23447336698 17.4512327177 0.336356959295
35 3.0 2.32933162954 17.4200219963 0.291603082242
35 3.0 2.38025123305 17.4890279305 0.350298036517
35 3.0 2.28968239555 17.4492802592 0.280614130572
35 3.0 2.5839752195 17.4577341536 0.255452824092
35 3.0 2.46435077037 17.4407582278 0.310775499949
35 3.0 2.02477545629 17.4319550687 0.296375596068
35 3.0 2.38447571482 17.4950563024 0.302347572214
35 3.0 2.5238518367 17.469651299 0.332442679655
35 3.0 2.5813758233 17.4459446674 0.325367276754
35 3.0 2.3570987225 17.4281217197 0.302521884425
35 3.0 2.48421710271 17.4473628584 0.316381619959
35 3.0 2.48487503325 17.4453377644 0.333188478492
35 3.0 2.36148226822 17.4725962805 0.287807695641
35 3.0 2.34554270818 17.4258615082 0.279053142286
35 3.0 2.3631079932 17.4486328499 0.30343730354
35 3.0 2.34716346641 17.4366488956 0.291217507625
35 3.0 2.40057614861 17.4820852566 0.270441613914
35 3.0 2.16155804437 17.4701493204 0.326995293242
35 3.0 2.66941050772 17.4601008597 0.333684844451
35 3.0 2.3478805459 17.4607913785 0.342295668721
35 3.0 2.10309394004 17.4772753263 0.319449824292
35 3.0 2.27977043722 17.4421277746 0.330329309814
35 3.0 2.66627203843 17.485353848 0.309479436003
35 3.0 2.26655529379 17.4510999838 0.315904427658
35 3.0 2.35169454328 17.4778979297 0.30607576335
35 3.0 2.26611075026 17.4704816037 0.299188907775
35 3.0 2.62125377009 17.4652909186 0.266806024311
35 3.0 2.53560878077 17.4775406424 0.315212080002
35 3.0 2.29597575785 17.4111351153 0.267899409008
35 3.0 2.27036870719 17.4451695065 0.370368588392
35 3.0 2.5102207993 17.4608590631 0.327512312992
35 3.0 2.24781180184 17.4202777188 0.263343911493
35 3.0 2.55923410891 17.4805393324 0.318853583399
35 3.0 2.3961298217 17.4648231361 0.331236722051
35 3.0 2.0235921682 17.4732528876 0.295023055694
35 3.0 2.31133473829 17.4883729073 0.312607225094
35 3.0 2.37592586868 17.461538005 0.315238444626
35 3.0 2.40790815005 17.4674163851 0.308813815988
35 3.0 2.70613517071 17.4555098213 0.307228964713
35 3.0 2.1536511295 17.462845505 0.283599128857
35 3.0 2.28587263317 17.4242449266 0.311588852892
35 3.0 2.17020275378 17.4414082345 0.289504899893
35 3.0 2.72382793184 17.451736623 0.302437306279
35 3.0 2.17616977231 17.4741908799 0.275006975162
35 3.0 2.54142941619 17.4324006166 0.279250629531
35 3.0 2.2237253366 17.4725215356 0.303786050797
35 3.0 2.17661682595 17.5184488842 0.326921343028
35 3.0 2.5966690976 17.4843068246 0.306729065509
35 3.0 2.47467982784 17.430849806 0.310231477178
35 3.0 2.50253964849 17.4570643413 0.316169157496
35 3.0 2.3862016374 17.4704514725 0.307437054765
35 3.0 2.32517017141 17.4467853664 0.307656381235
35 3.0 2.5991716054 17.4504574694 0.287626891404
35 3.0 2.22258516859 17.4414084092 0.299719395067
35 3.0 2.19957688335 17.4425225452 0.35015236516
35 3.0 2.22728397653 17.4647535918 0.308262156532
35 3.0 2.36837425735 17.4175966959 0.252456382805
35 3.0 2.33520632797 17.4439685402 0.289025561146
35 3.0 2.52349546512 17.4587291863 0.372996786972
35 3.0 2.26541888008 17.4410519309 0.320164283495
35 3.0 2.56905371759 17.4302938323 0.340741144142
35 3.0 2.17083619852 17.4714261952 0.332374522864
35 3.0 2.43397466999 17.4419779054 0.291915015815
35 3.0 2.38554674476 17.4266451774 0.321613382863
35 3.0 1.94476915922 17.4639659514 0.333733488395
35 3.0 2.42028578753 17.4806451501 0.331810135941
35 3.0 2.78307281657 17.4639301158 0.311157678692
35 3.0 2.54640407703 17.4500255616 0.316053084466
35 3.0 2.43736845277 17.4650113658 0.303861238681
35 3.0 2.27344530499 17.4298492187 0.31204888118
35 3.0 2.62830165432 17.4365269753 0.320828763118
35 3.0 2.35376858723 17.4721517165 0.322021845357
35 3.0 2.40620914558 17.4555129154 0.315719439866
35 3.0 2.60737045166 17.467486193 0.332312540012
35 3.0 2.36800744892 17.4621693886 0.301121869307
35 3.0 2.05974622321 17.4413455766 0.272325460049
35 3.0 2.32241137581 17.4675841113 0.314564723997
35 3.0 2.38258246603 17.429221721 0.325476835551
