13.0 -305.5 14 1
18.0 -309.0 15 2
23.0 -312.0 16 3
959.5 -197.5 16 4
963.5 -209.0 19 5
48.0 -317.0 20 6
46.5 -477.5 21 7
237.5 -180.5 21 8
863.5 -143.5 22 9
277.5 -406.0 24 10
92.5 -475.5 25 11
342.5 -381.5 25 12
228.0 -222.5 25 13
94.0 -473.0 26 14
397.5 -358.0 26 15
450.5 -340.5 27 16
498.5 -323.0 28 17
113.0 -440.0 29 18
544.0 -306.5 29 19
135.0 -473.0 30 20
585.5 -294.0 30 21
137.0 -472.5 31 22
125.0 -437.0 31 23
97.0 -398.5 31 24
623.5 -281.5 31 25
136.5 -472.0 32 26
659.5 -271.0 32 27
692.0 -261.0 33 28
723.0 -252.0 34 29
751.5 -245.0 35 30
151.5 -434.0 36 31
127.5 -310.0 36 32
778.0 -238.5 36 33
134.5 -470.5 37 34
155.0 -439.5 37 35
128.5 -305.5 37 36
803.0 -232.0 37 37
155.0 -443.5 38 38
130.0 -303.5 38 39
826.5 -227.5 38 40
941.5 -174.0 38 41
148.5 -445.5 39 42
135.5 -300.0 39 43
848.5 -223.5 39 44
135.5 -303.0 40 45
869.0 -220.0 40 46
944.0 -193.0 40 47
137.0 -300.0 41 48
888.5 -218.0 41 49
938.0 -185.0 41 50
148.5 -297.0 42 51
906.5 -216.0 42 52
148.5 -300.5 43 53
923.5 -214.0 43 54
165.0 -339.0 44 55
198.5 -335.5 44 56
141.5 -303.5 44 57
939.0 -214.0 44 58
102.0 -326.0 45 59
150.5 -294.0 45 60
954.0 -205.5 45 61
189.5 -342.0 46 62
104.5 -328.0 46 63
153.0 -299.5 46 64
968.0 -213.0 46 65
981.0 -214.0 47 66
111.5 -324.0 48 67
993.0 -216.5 48 68
950.0 -186.5 48 69
114.0 -325.5 49 70
150.0 -294.5 49 71
1005.5 -216.5 49 72
115.5 -325.0 50 73
151.5 -301.0 50 74
1015.5 -219.0 50 75
1027.0 -221.0 51 76
170.5 -468.5 52 77
138.5 -436.5 52 78
1036.5 -222.0 52 79
173.5 -472.5 53 80
138.5 -439.5 53 81
129.0 -314.0 53 82
1045.5 -225.0 53 83
177.0 -473.5 54 84
139.0 -441.5 54 85
207.0 -356.5 54 86
171.5 -349.0 54 87
1054.0 -228.5 54 88
209.0 -358.0 55 89
175.5 -347.5 55 90
1062.5 -231.5 55 91
132.0 -330.0 56 92
165.5 -305.0 56 93
1070.0 -235.5 56 94
1078.0 -240.0 57 95
134.0 -470.0 58 96
139.5 -434.5 58 97
138.0 -333.0 58 98
169.5 -300.5 58 99
1085.0 -244.0 58 100
1091.0 -247.0 59 101
136.0 -472.5 60 102
143.0 -335.5 60 103
168.0 -293.5 60 104
1097.0 -252.5 60 105
144.5 -454.0 61 106
172.0 -300.0 61 107
1103.0 -257.5 61 108
153.5 -327.5 62 109
1108.5 -262.0 62 110
142.0 -462.0 63 111
221.5 -358.5 63 112
185.5 -347.5 63 113
1113.5 -267.0 63 114
141.5 -467.5 64 115
225.0 -356.0 64 116
186.0 -342.0 64 117
177.0 -293.5 64 118
1118.5 -272.5 64 119
152.5 -454.5 65 120
226.5 -360.0 65 121
182.5 -300.5 65 122
1123.5 -278.5 65 123
181.5 -306.0 66 124
1127.5 -283.0 66 125