136 -462 22
211 -434 23
279 -404 24
340 -381 25
395 -358 26
451 -341 27
504 -322 28
545 -306 29
588 -288 30
627 -278 31
659 -270 32
691 -257 33
725 -248 34
754 -239 35
781 -233 36
804 -225 37
828 -222 38
850 -219 39
870 -216 40
885 -215 41
906 -212 42
922 -210 43
937 -209 44
955 -211 45
968 -211 46
978 -209 47
993 -209 48
1005 -212 49
1013 -214 50
1024 -214 51
1038 -218 52
1046 -224 53
1054 -226 54
1063 -229 55
1070 -233 56
1080 -237 57
1081 -240 58
1089 -242 59
1099 -252 60
1105 -254 61
1111 -261 62
1116 -264 63
1120 -271 64
1124 -275 65
1131 -279 66
