830.5 -480.5 9 1
830.6 -481.899017023 9 1
830.7 -483.298525429 9 1
830.8 -484.698525324 9 1
830.9 -486.099016812 9 1
831.0 -487.5 10 1
830.5 -484.489753531 10 1
830.0 -481.498545011 10 1
829.5 -478.512629927 10 1
829.0 -475.532154702 10 1
828.5 -462.5 11 1
827.666666667 -467.611921486 11 1
826.833333333 -462.683162723 11 1
826.0 -457.771650099 11 1
825.166666667 -452.87803944 11 1
824.333333333 -448.002981054 11 1
823.5 -443.147119734 11 1
822.666666667 -438.311094758 11 1
821.833333333 -433.495539883 11 1
821.0 -440.0 13 1
819.619047619 -420.804103675 13 1
818.238095238 -412.969571023 13 1
816.857142857 -405.2002443 13 1
815.476190476 -397.49884081 13 1
814.095238095 -389.868036258 13 1
812.714285714 -382.310464747 13 1
811.333333333 -374.82871878 13 1
809.952380952 -367.42534926 13 1
808.571428571 -360.102865491 13 1
807.19047619 -352.863735177 13 1
805.80952381 -345.710384421 13 1
804.428571429 -338.645197725 13 1
803.047619048 -331.670517994 13 1
801.666666667 -324.78864653 13 1
800.285714286 -318.001843037 13 1
798.904761905 -311.312325617 13 1
797.523809524 -304.722270775 13 1
796.142857143 -298.233813412 13 1
794.761904762 -291.849046833 13 1
793.380952381 -285.57002274 13 1
792.0 -285.0 18 1
789.9 -270.225095859 18 1
787.8 -261.311897701 18 1
785.7 -252.665672343 18 1
783.6 -244.292712904 18 1
781.5 -239.5 19 1
780.5 -232.444868478 19 1
779.5 -228.755931672 19 1
778.5 -225.132881938 19 1
777.5 -221.576310154 19 1
776.5 -218.5 20 1
775.6 -215.004036566 20 1
774.7 -211.976460234 20 1
773.8 -209.004465414 20 1
772.9 -206.088443245 20 1
772.0 -201.0 21 1
771.0 -200.117924936 21 1
770.0 -197.077617439 21 1
769.0 -194.10834852 21 1
768.0 -191.21060039 21 1
767.0 -185.0 22 1
766.1 -185.90359557 22 1
765.2 -183.481359621 22 1
764.3 -181.118455402 22 1
763.4 -178.815194834 22 1
762.5 -169.5 23 1
760.4 -171.572271663 23 1
758.3 -166.904259286 23 1
756.2 -162.571235719 23 1
754.1 -158.576369018 23 1
752.0 -149.0 24 1
750.8 -152.988944679 24 1
749.6 -151.168033731 24 1
748.4 -149.460323705 24 1
747.2 -147.866242653 24 1
746.0 -143.5 25 1
744.5 -144.697072153 25 1
743.0 -143.187410683 25 1
741.5 -141.85784386 25 1
740.0 -140.708947136 25 1
738.5 -140.5 26 1
737.5 -139.196987829 26 1
736.5 -138.733592809 26 1
735.5 -138.351163443 26 1
734.5 -138.049798745 26 1
733.5 -139.5 27 1
730.8 -137.640925836 27 1
728.1 -138.045458557 27 1
725.4 -139.043658579 27 1
722.7 -140.635392126 27 1
720.0 -145.5 28 1
718.7 -144.082772115 28 1
717.4 -145.482545588 28 1
716.1 -147.019004369 28 1
714.8 -148.691882218 28 1
713.5 -154.0 29 1
712.0 -152.756894205 29 1
710.5 -155.193127172 29 1
709.0 -157.808957794 29 1
707.5 -160.603706835 29 1
706.0 -166.5 30 1
704.6 -166.511430691 30 1
703.2 -169.60005596 30 1
701.8 -172.841777092 30 1
700.4 -176.23581428 30 1
699.0 -184.0 31 1
697.5 -183.747248766 31 1
696.0 -187.88494084 31 1
694.5 -192.193238883 31 1
693.0 -196.670903873 31 1
691.5 -205.5 32 1
688.3 -211.782953217 32 1
685.1 -222.993893852 32 1
681.9 -234.934226332 32 1
678.7 -247.58751676 32 1
675.5 -260.0 33 1
673.8 -268.303983778 33 1
672.1 -275.859818632 33 1
670.4 -283.600579482 33 1
668.7 -291.523113915 33 1
667.0 -295.5 34 1
665.3 -307.900416184 34 1
663.6 -316.348401504 34 1
661.9 -324.964595374 34 1
660.2 -333.74536769 34 1
658.5 -338.5 35 1
656.8 -351.785649567 35 1
655.1 -361.037421234 35 1
653.4 -370.438295561 35 1
651.7 -379.984164759 35 1
650.0 -383.5 36 1
646.6 -409.449230603 36 1
643.2 -429.737973492 36 1
639.8 -450.499988187 36 1
636.4 -471.696680101 36 1
633.0 -493.5 37 1
631.4 -503.573224893 37 1
629.8 -513.932239258 37 1
628.2 -524.360436375 37 1
626.6 -534.853208511 37 1
625.0 -558.0 38 1
623.4 -556.013672075 38 1
621.8 -566.671773211 38 1
620.2 -577.37526878 38 1
618.6 -588.119176222 38 1
617.0 -592.5 39 1
616.2 -590.232114385 39 1
615.4 -586.699539502 39 1
614.6 -583.12077123 39 1
613.8 -579.508502619 39 1
613.0 -578.5 40 1
611.4 -568.592546545 40 1
609.8 -561.365210713 40 1
608.2 -554.279727705 40 1
606.6 -547.417327384 40 1
605.0 -539.5 41 1
604.2 -537.706365912 41 1
603.4 -534.659608325 41 1
602.6 -531.721502668 41 1
601.8 -528.899663361 41 1
601.0 -524.0 42 1
600.2 -523.633548639 42 1
599.4 -521.202809195 42 1
598.6 -518.915408057 42 1
597.8 -516.777266779 42 1
597.0 -517.0 43 1
596.4 -513.41127768 43 1
595.8 -512.120730542 43 1
595.2 -510.924307291 43 1
594.6 -509.823881177 43 1
594.0 -507.5 44 1
593.0 -507.371822649 44 1
592.0 -506.205575048 44 1
591.0 -505.328668156 44 1
590.0 -504.746468028 44 1
589.0 -506.5 45 1
587.6 -504.577024122 45 1
586.2 -505.291670524 45 1
584.8 -506.611744089 45 1
583.4 -508.538360132 45 1
582.0 -511.0 46 1
581.2 -512.78531677 46 1
580.4 -514.695463171 46 1
579.6 -516.79811671 46 1
578.8 -519.091157792 46 1
578.0 -522.0 47 1
577.1 -524.584358906 47 1
576.2 -527.826394284 47 1
575.3 -531.293197771 47 1
574.4 -534.979190425 47 1
573.5 -537.5 48 1
572.7 -542.517579614 48 1
571.9 -546.314960817 48 1
571.1 -550.265016209 48 1
570.3 -554.362028844 48 1
569.5 -558.0 49 1
567.8 -568.043722423 49 1
566.1 -578.028007524 49 1
564.4 -588.479462471 49 1
562.7 -599.317847414 49 1
561.0 -611.5 50 1
558.8 -625.161012905 50 1
556.6 -639.988922725 50 1
554.4 -654.699391185 50 1
552.2 -669.032697798 50 1