0.0 0.0 8.01
-0.0 2.44 8.01
7.32 2.44 8.0
7.32 -0.0 8.0
0.0 0.0 0.0
0.2 0.8 1.63
0.28 1.2 2.44
0.38 1.46 3.04
0.45 1.69 3.55
0.5 1.84 3.96
0.55 1.95 4.31
0.59 2.06 4.68
0.6 2.13 4.92
0.64 2.16 5.24
0.64 2.2 5.46
0.71 2.21 5.7
0.75 2.19 5.93
0.74 2.19 6.12
0.79 2.13 6.31
0.81 2.09 6.49
0.83 2.01 6.67
0.84 1.94 6.83
0.88 1.85 7.01
0.9 1.72 7.13
0.89 1.62 7.25
0.93 1.5 7.41
0.92 1.35 7.53
0.94 1.19 7.62
0.95 1.05 7.76
0.99 0.9 7.88
0.96 0.74 7.98
1.01 0.53 8.08
1.01 0.38 8.17
1.01 0.18 8.23
1.02 -0.01 8.3
