106.177389568 237.512055902
52.372233309 117.153349277
38.1616188068 85.3651099941
32.6178011518 72.9639430964
25.845255258 57.8141894109
21.5152383875 48.128217537
22.1827057611 49.6212995273
14.8928297593 33.3143113494
18.5605559187 41.5187810971
13.303392749 29.7588420203
14.0102808734 31.3401057189
13.9774652975 31.2666993662
10.872408655 24.3208854801
11.9500914241 26.7315931753
10.7865123355 24.1287408858
11.2514603382 25.168799946
10.0416377687 22.4625039358
12.1316184431 27.1376575517
10.4276532712 23.325996022
8.90816877717 19.9270060151
11.9366583889 26.7015443315
11.2144221118 25.0859477933
10.3578113918 23.1697641873
11.5015465199 25.7282268014
11.6454678982 26.0501697555
11.0249110745 24.6620236765
13.5818297018 30.3816877446
10.1270255696 22.6535110064
12.5728664306 28.1247011879
11.4244878887 25.555851553
