0.0 -0.0 17.83
-0.07 2.18 18.13
7.14 2.45 19.89
6.79 -0.0 18.54
0.0 0.0 0.0
0.14 0.14 0.34
0.27 0.25 0.69
0.43 0.37 1.04
0.57 0.48 1.4
0.7 0.57 1.77
0.83 0.68 2.16
0.97 0.77 2.51
1.09 0.86 2.88
1.23 0.95 3.24
1.35 1.04 3.62
1.49 1.14 3.99
1.61 1.22 4.36
1.73 1.3 4.73
1.85 1.39 5.11
1.98 1.47 5.47
2.09 1.54 5.83
2.21 1.63 6.2
2.3 1.68 6.57
2.42 1.77 6.95
2.51 1.83 7.32
2.62 1.91 7.69
2.72 1.97 8.04
2.82 2.04 8.39
2.92 2.09 8.73
3.01 2.15 9.08
3.1 2.21 9.44
3.18 2.25 9.78
3.27 2.32 10.12
3.35 2.35 10.43
3.44 2.41 10.74
3.52 2.44 11.07
3.6 2.49 11.41
3.67 2.5 11.7
3.75 2.54 11.99
3.81 2.55 12.27
3.88 2.59 12.57
3.94 2.6 12.87
4.0 2.62 13.16
4.06 2.63 13.45
4.12 2.64 13.74
4.18 2.65 14.03
4.24 2.64 14.31
4.31 2.65 14.57
4.36 2.64 14.81
4.41 2.65 15.09
4.45 2.64 15.35
4.5 2.63 15.58
4.55 2.61 15.81
4.6 2.6 16.07
4.64 2.56 16.31
4.69 2.56 16.55
4.73 2.52 16.77
4.77 2.51 17.01
4.82 2.47 17.24
4.87 2.45 17.48
4.9 2.4 17.68
4.94 2.38 17.9
