22.6301447154 50.6221919618
22.8760356735 51.1722343694
23.5146803297 52.6008417773
23.0426331964 51.5449024142
23.4824758613 52.5288024332
24.2233573334 54.1861070847
22.8935321458 51.2113728632
22.9792260014 51.4030645586
23.1072410329 51.6894260282
23.666998976 52.9415688848
23.6804950024 52.971758636
23.0662827256 51.5978049043
23.2860043758 52.0893082373
23.6697269528 52.9476711951
22.5855759557 50.5224944859
22.1073782947 49.4527967842
23.1630390598 51.8142426596
22.1316282602 49.5070424121
23.9113274569 53.4881161305
22.4425508326 50.2025563977
22.73337674 50.853115424
21.3380135922 47.7317769608
21.5676628949 48.2454878202
20.6005990683 46.0822276517
21.4529768895 47.9889425327
21.7426835852 48.6369979536
20.2346419306 45.2636048497
21.0277982164 47.037844929
18.2213348479 40.7599651734
19.4027439713 43.4027021149
19.3785509464 43.3485838596
20.8996069194 46.7510891648
17.0445109464 38.1274850813
17.9080514812 40.0591702415
16.6361141654 37.2139275011
18.0179061594 40.3049081578
17.3161052698 38.7350242795
17.6433564128 39.4670642372
17.2381015546 38.5605349381
17.1233817968 38.3039141489
17.0679553349 38.1799286847
16.5324822696 36.9821095526
15.7437815449 35.2178362795
13.8325141572 30.9424529002
16.7427713994 37.4525129384
15.2370948149 34.0844103457
13.9653336601 31.2395616662
13.4410698164 30.0668168486
15.5581878074 34.802674913
14.0700463644 31.4737973145
14.1986908865 31.7615669145
13.1000282946 29.3039286922
14.5640583893 32.5788707407
13.6274035023 30.4836334327
14.2282529236 31.8276953081
12.4235356958 27.790657848
12.684490915 28.3743980479
