35 0.5 0.41326255928 0.485478601812 0.364536329967 6.49263238379 5.08377524865 0.177011889679 0.0981497256947
35 0.5 0.404175156291 0.642585498297 0.534853548134 33.4673449026 20.8511323732 0.684731349705 0.264050141409
35 0.5 0.436629994285 0.859693658609 1.50544734573 17.1744310793 13.479159873 0.323744137615 0.199943366722
35 0.5 0.419419416254 0.931864769246 1.47440100317 19.9449310717 11.6490057747 0.338311417943 0.183700221212
35 0.5 0.391676244334 0.802097228634 0.972652995115 22.435643394 16.5849801517 0.340458397579 0.221669766557
35 0.5 0.421467650315 0.562051367003 0.502808172737 42.7994664846 24.4942451535 0.741847065626 0.248576815513
35 0.5 0.394083265743 1.02323395527 1.33918030396 17.8883056587 12.0533244859 0.338805470586 0.203020608993
35 0.5 0.390268349747 0.838006426562 0.922528393196 18.9206109878 13.8946914046 0.292574533811 0.187620967164
35 0.5 0.376145997542 1.36407800639 2.81635500796 12.0272281623 13.4888505664 2.2627979151 2.35474402038
35 0.5 0.407407929172 1.12791235395 1.45739493717 54.9042078326 41.7444316395 0.663405291938 0.329723880518
35 0.5 0.403382431555 0.898807378048 1.11013087038 19.5215062461 11.275295317 0.328642572803 0.156240971811
35 0.5 0.421202142639 0.779276953378 0.671413610719 8.71313614872 6.17291732509 0.13889708843 0.0864187516346
35 0.5 0.471125988806 1.15759740899 1.5871954257 6.86333137668 6.88121081315 0.298457648893 0.225861940815
35 0.5 0.399563394084 0.716041202272 0.769197018472 19.7817190042 13.908446331 0.419522639107 0.21746018651
35 0.5 0.420808591645 0.511937264143 0.421252440444 7.18522752875 4.69835196078 0.118404374587 0.0534982237533
35 0.5 0.387947488828 0.654746465006 0.77712662542 41.6730927976 31.0134102671 0.529727766229 0.306959301303
35 0.5 0.401430331341 0.626655888633 0.583529577619 26.2431531359 17.3973340829 0.407544995675 0.189952624103
35 0.5 0.407119888217 0.708832352745 1.02342478354 6.6267802786 5.97758699323 0.172612070544 0.112415778156
35 0.5 0.425212496609 0.467865591538 0.330246098108 18.3937154695 10.8775009043 0.295904336082 0.103462963235
35 0.5 0.392372612699 1.49588548282 3.14991916623 51.0746452476 35.8848909068 1.18096379263 0.628288902503
35 0.5 0.419433393442 1.17909859571 2.12721665423 27.6089724928 20.1630916506 0.594138107822 0.380094561129
35 0.5 0.433119171493 0.685432186436 0.564812344314 11.2917348527 7.02488065759 0.239125678134 0.0943684691035
35 0.5 0.36073991879 0.449054702388 0.384029006843 32.3162987737 18.4254554933 0.499088483413 0.193056135697
35 0.5 0.376554188469 0.626054671826 0.64096047575 9.55456384003 7.05327400738 0.158945882154 0.106781443182
35 0.5 0.389806224735 0.919890005938 1.52528085369 7.6971688322 8.18427530193 0.284238774399 0.228757993637
35 0.5 0.394570591058 0.916301186853 1.28067537517 4.76556610574 4.86883075544 5.43538391015 2.90807027782
35 0.5 0.404276337542 1.13639440243 1.59045227338 5.27546658327 4.60188364591 6.27698073617 2.67689199647
35 0.5 0.406988813116 0.827426727058 0.980754887494 45.954255208 34.4275450034 0.589509954381 0.316052191415
35 0.5 0.340962217505 1.23834023418 2.35300672183 47.1339677748 37.1592341256 0.693429377326 0.314254944875
35 0.5 0.40708693099 0.732269085488 0.886013655723 9.35320163127 7.96848845256 6.67266047667 2.68855592513
35 0.5 0.435869289109 0.67062689373 0.571873978515 2.34976655943 1.88327352612 0.129000773494 0.0580181610532
35 0.5 0.382127452663 0.978020619532 1.50907483199 19.1277359696 11.5762655049 0.278241202416 0.163452530655
35 0.5 0.457543083418 0.527421962092 0.547607810646 28.1991263354 17.0263048522 0.525868166722 0.186659473877
35 0.5 0.379975016544 0.685741099176 0.656539321637 9.5860786466 8.52500048178 0.276926587576 0.19862002807
35 0.5 0.377695369323 1.33155032972 2.50203182571 38.1990473935 25.964657802 0.691694510564 0.412085066481
35 0.5 0.377972677991 0.548571940322 0.442141108075 9.85537647075 6.34007143297 0.212602518097 0.0845829282775
35 0.5 0.398819940469 0.601661836638 0.66615551262 2.76683469426 3.0761665187 0.102560133473 0.107939180438
35 0.5 0.400769173101 0.421079874834 0.374432745009 9.42873528111 6.62699862575 0.198628705317 0.0973624304303
35 0.5 0.423150075278 0.734842425793 0.786036436999 18.0493817446 12.8024929487 0.27612414113 0.161499381989
35 0.5 0.427039652344 0.427198609206 0.386564491922 56.7232182999 32.1316509076 1.11191118005 0.375845413018
35 0.5 0.426367999514 1.10310890899 1.7107297189 52.222818636 35.3909258956 5.47919354944 3.27293793973
35 0.5 0.445301304927 0.588736866477 0.419139909743 16.001719229 11.8852079693 0.271201251165 0.181989604812
35 0.5 0.405415777264 0.649652961818 0.531041244558 16.0428553904 10.8114548128 0.230875532384 0.0863624679429
35 0.5 0.381633933698 0.666282509141 0.691692119082 30.1158760176 20.0886799411 0.469526904667 0.193229588799
35 0.5 0.376491781732 0.880894041769 1.15129248239 4.15969001923 3.59187985223 0.207315889434 0.148364287352
35 0.5 0.399715502419 0.622720031243 0.676689669586 7.38168571896 6.47723726226 0.200255364061 0.118343157481
35 0.5 0.469840668388 0.673255411944 0.493615659896 70.2181847153 51.9424706702 0.727904765936 0.297180310857
35 0.5 0.421805359976 0.519899563893 0.421772127722 35.4343926887 24.8866615786 0.479494879686 0.181546325879
35 0.5 0.380372542347 0.748640113801 0.839130679031 22.0671452046 15.6937501454 0.301304999315 0.163660010358
35 0.5 0.353515661194 0.992218064168 1.54893891802 16.7379327776 12.2520113487 4.59344826896 2.52895373741
35 0.5 0.442558425662 1.15979030921 1.65843056636 27.1769866421 18.8045298334 4.39519080045 2.36860629822
35 0.5 0.422720921803 0.798291854622 0.932538961994 29.42194754 17.1174812897 0.450844682381 0.237464814769
35 0.5 0.380820783516 1.08185820961 1.71582402262 30.6843206161 21.5173543403 0.521459694642 0.324016155979
35 0.5 0.430668631474 0.949392483677 0.998532583909 11.8470241348 7.82192870034 6.32882332391 2.58712291772
35 0.5 0.3306341354 0.555267279013 0.432333934033 28.8461586413 17.7287960035 0.544174264205 0.193491400475
35 0.5 0.438125261041 0.844882109142 0.977881653837 18.4331439529 12.0480879418 0.334771499084 0.201167726331
35 0.5 0.41293853061 0.613824530807 0.570426438714 3.02818743524 2.07546380757 0.0588500346592 0.0246968906761
35 0.5 0.369352817728 0.554628492958 0.488048304684 18.9278200412 13.2825436758 0.316289880552 0.15880125682
35 0.5 0.391359617266 0.476698102966 0.353076952452 31.4029690996 21.5859030567 0.419817559448 0.147111743236
35 0.5 0.375149735523 0.539475834163 0.472189096045 1.75563317032 1.89443721182 0.1091321135 0.0484033582581
35 0.5 0.362767808909 0.867772504906 1.45162337753 12.6455617071 8.06308926822 0.2681693559 0.162129828462
35 0.5 0.380874231327 0.41056085891 0.329211323992 23.4541278921 15.7281520603 0.329764039966 0.128252425314
35 0.5 0.384735977089 0.554403872407 0.416673660219 6.70038408005 4.27604347931 0.0931368545526 0.032139868963
35 0.5 0.396165653846 0.79456429102 0.898981256375 21.1848559629 15.5280224346 0.304319420531 0.204718501418
35 0.5 0.388080389432 0.568400221055 0.443697971768 7.65540736666 4.88691809432 0.143154741059 0.0792440858748
35 0.5 0.394890307155 0.443552766594 0.312506717238 7.2573463615 4.5602110386 0.130763131146 0.079479018908
35 0.5 0.42227400955 0.456812681821 0.412690956841 8.09027473913 5.25290925203 0.123104815436 0.0860536065241
35 0.5 0.37182180253 0.862489786441 1.3218114153 6.36897341935 6.55155906631 0.237498098359 0.174100939001
35 0.5 0.40939134195 0.560513848886 0.617051834833 5.65505742866 4.56682676793 0.136302090691 0.109831771802
35 0.5 0.385691858581 0.591052926705 0.689035059081 19.3958960051 11.7229768907 0.347632292467 0.117607907454
35 0.5 0.374506121449 0.554705206661 0.387266608625 4.29496572081 3.90293560451 0.140386335691 0.0906168546781
35 0.5 0.428170501384 0.498285726254 0.423485449871 10.020880587 5.96904578566 0.176065098354 0.0868704607712
35 0.5 0.400651021804 0.536174016605 0.41082972143 11.8830321702 7.45911749734 0.236812570158 0.115290902274
35 0.5 0.402436149221 0.908031426274 1.17577803512 4.5875611962 5.18211051153 0.189803616672 0.163662889046
35 0.5 0.441638877945 0.747844396293 0.974435661736 42.8963268591 31.7766525457 0.504039146877 0.299091935945
35 0.5 0.360829208036 0.677706587146 0.966265455244 71.7753843669 55.3001756927 0.745669931299 0.388790123357
35 0.5 0.433570952984 0.723495013686 0.569471023566 35.8592177071 20.4661062534 0.606449945998 0.220100507444
35 0.5 0.339783667687 0.58108401145 0.48761064723 18.7462006031 12.3393010767 0.305794840335 0.109747996996
35 0.5 0.400516894046 0.757076207377 0.822142288555 23.2843422816 15.6324988246 5.66576761576 2.52196088777
35 0.5 0.408224258303 0.649124047607 0.67665293043 40.2791911138 29.5930611914 0.504956995974 0.293321064952
35 0.5 0.394716210078 0.56841256453 0.451391074447 0.790542554109 0.727212515332 0.0370950971205 0.025879568329
35 0.5 0.428945605668 0.669908269482 0.781631994575 10.6575401319 8.21082734488 0.187371619801 0.137538260641
35 0.5 0.3908021838 0.645007197201 0.603294305143 2.75110577722 2.306268538 0.121771233336 0.102406652789
35 0.5 0.377497282922 0.705609229274 1.08966888396 4.51727450919 4.11055812913 5.93506717825 2.69045906489
35 0.5 0.379280044133 0.606611699936 0.487502638618 8.01701507854 5.50411877631 0.145255010198 0.0791019815892
35 0.5 0.422834706446 1.35503455554 2.57115309346 24.289296141 17.0878940534 3.90245326171 2.36752097494
35 0.5 0.406451660754 1.07602001783 1.82450823936 6.38956927848 6.84899645463 0.217250935452 0.163864885665
35 0.5 0.358576937558 0.819412122644 1.07530655175 9.64630105509 6.31187837205 0.211563919222 0.131544046979
35 0.5 0.416547039735 0.964888601265 1.21473485322 61.8280591255 44.4636959247 5.73269530095 2.27330979094
35 0.5 0.386372434884 0.577412720869 0.521257423527 16.244661088 10.5977068887 0.238753839612 0.124199224851
35 0.5 0.410138596438 0.59150498489 0.408331522495 29.3256949248 19.7529183893 0.425698899604 0.163428086312
35 0.5 0.391183721077 0.995088225156 1.55855621389 4.66199974338 3.99699704605 0.228337418625 0.176387747374
35 0.5 0.376897141647 0.717887199073 0.758738972291 7.33390216557 4.48715002428 0.136049555469 0.0738781279359
35 0.5 0.380788333861 0.520157286856 0.397429921638 13.594064941 8.89899659645 0.23686791676 0.0791337858008
35 0.5 0.408208323782 0.537401769222 0.368245626014 27.3576001735 17.3011510822 0.580818106988 0.215042747303
35 0.5 0.39401849033 0.778999420183 0.795184480384 22.7151831638 16.2955588262 0.31531242338 0.189374246013
35 0.5 0.393307541352 0.733953025005 0.71886614473 8.1928674627 5.34678509164 0.113903996887 0.053384146174
35 0.5 0.364559704975 0.968347104962 1.65881005934 6.2448434313 5.97945351654 0.303915606797 0.210039607448
35 0.5 0.457433487462 1.011525221 0.788191374226 53.9997675396 40.1831514496 0.584892689575 0.326484897922
35 0.5 0.386739238913 0.458177546354 0.417607636927 40.4672417226 23.7655349266 0.754671888961 0.257006055206
35 0.5 0.39694426744 0.956602484355 1.4898276078 11.3135009802 11.1281874636 0.352111285764 0.211847966121
35 0.5 0.371436548903 0.956395124844 1.39750330698 12.4293103021 10.9379152443 0.267361532322 0.204963150226
35 0.5 0.384690822747 0.373476998276 0.333260345807 4.66670128831 3.34376944711 0.132115709576 0.0578882060464
35 0.5 0.416147100764 0.459521753978 0.307298243162 16.5461967423 10.5138322425 0.353290827374 0.127258829015
