-0.0 0.0 7.04
-2.21 1.97 8.12
2.57 0.66 -0.22
3.35 0.0 -0.06
0.0 0.0 0.0
-0.79 0.51 1.64
-1.16 0.8 2.46
-1.42 1.01 3.08
-1.61 1.18 3.58
-1.75 1.31 3.99
-1.84 1.42 4.33
-1.88 1.5 4.6
-1.89 1.55 4.81
-1.85 1.58 4.96
-1.78 1.59 5.07
-1.68 1.58 5.14
-1.55 1.55 5.17
-1.41 1.51 5.18
-1.25 1.46 5.16
-1.08 1.4 5.13
-0.9 1.34 5.09
-0.72 1.26 5.05
-0.55 1.18 5.01
-0.37 1.1 4.98
-0.21 1.01 4.96
-0.05 0.92 4.94
0.1 0.83 4.94
0.25 0.73 4.94
0.38 0.63 4.96
0.5 0.53 4.99
0.62 0.43 5.02
0.72 0.32 5.07
0.82 0.22 5.12
0.91 0.11 5.18
0.99 -0.0 5.24
