109.527040718 245.005012119
54.6424465469 122.231671655
41.0505585353 91.8274841123
32.6740240516 73.0897101414
26.3464540458 58.9353391679
21.0677574688 47.127231231
16.4946332341 36.8974436716
12.5804002755 28.1415539189
9.48108819845 21.2085902598
7.53590388143 16.8573368703
7.02809519511 15.7214011915
7.65490947793 17.1235448078
8.73437024026 19.5382297607
9.79492410461 21.9106211874
10.6300740314 23.7787983663
11.1767734646 25.001730168
11.4418405864 25.5946684322
11.465137205 25.6467814836
11.3027167846 25.283457351
11.0142489235 24.6381731242
10.6559708821 23.8367279713
10.2767153195 22.9883574402
9.91487118203 22.1789351578
9.59686304968 21.467571226
9.33815400236 20.8888555695
9.14433050908 20.4552847635
9.01328879727 20.1621528029
8.93822802154 19.9942466297
8.90952659058 19.9300433572
8.91721625053 19.9472446366
