0.0 0.0 7.9
-0.06 2.45 7.89
7.21 2.45 7.96
7.31 -0.0 7.96
0.0 0.0 0.0
0.2 0.82 1.62
0.29 1.21 2.42
0.36 1.48 3.02
0.42 1.69 3.51
0.46 1.85 3.92
0.5 1.97 4.28
0.54 2.07 4.61
0.57 2.13 4.9
0.6 2.18 5.17
0.63 2.21 5.41
0.66 2.21 5.64
0.68 2.21 5.85
0.71 2.18 6.05
0.73 2.14 6.24
0.76 2.09 6.42
0.78 2.02 6.58
0.8 1.94 6.74
0.82 1.85 6.89
0.85 1.74 7.04
0.87 1.63 7.17
0.89 1.5 7.3
0.91 1.36 7.43
0.93 1.22 7.55
0.94 1.06 7.66
0.96 0.9 7.77
0.98 0.73 7.87
0.99 0.55 7.96
1.01 0.37 8.06
1.02 0.18 8.14
1.04 -0.01 8.23
