106.5918026 238.439071453
51.9946491152 116.308717492
38.726482251 86.6286735313
31.2070167569 69.8081082862
26.2111363649 58.6326421367
22.6064793128 50.5692539639
19.8716019182 44.4515074712
17.7284409996 39.6573930371
16.014270222 35.8229022175
14.6276183635 32.7210503536
13.5025008204 30.2042340909
12.5936011787 28.1710834984
11.869022787 26.550247799
11.3050267089 25.2886245046
10.8822322968 24.3428603409
10.5843081283 23.6764229567
10.3958688363 23.2548962659
10.302148303 23.045249404
10.288505125 23.0147304839
10.3407948659 23.131699303
10.4454835297 23.3658811742
10.5903588843 23.6899581123
10.7638777765 24.0781088194
10.9567430861 24.5095362296
11.1607249521 24.965830668
11.3692623624 25.432315569
11.5770829618 25.8971970097
11.78034905 26.3518902989
11.9760503706 26.7896616848
12.1622617602 27.2062047
