1257.5 -362.5 9 1
1248.5 -356.0 10 2
1268.5 -291.0 10 3
1265.5 -289.5 11 4
1262.0 -292.5 12 5
1252.0 -291.5 13 6
1249.5 -296.5 14 7
1268.0 -410.5 15 8
1252.0 -304.0 15 9
1239.0 -299.5 16 10
1259.5 -460.0 18 11
1206.5 -449.0 20 12
1196.5 -288.0 21 13
1220.5 -348.0 23 14
1190.5 -317.5 25 15
1208.0 -438.0 26 16
1222.5 -386.0 26 17
1167.0 -292.5 26 18
1174.5 -379.5 28 19
1224.0 -362.5 28 20
1166.0 -297.5 28 21
1217.0 -348.0 29 22
1158.0 -296.5 29 23
1141.0 -451.5 30 24
991.0 -379.5 30 25
1153.0 -289.5 30 26
1140.5 -447.5 31 27
944.5 -355.5 31 28
1191.5 -323.5 31 29
1116.0 -317.5 31 30
1131.5 -442.5 32 31
902.5 -335.5 32 32
1124.5 -442.5 33 33
861.0 -323.5 33 34
826.0 -313.0 34 35
793.0 -302.5 35 36
1140.0 -301.5 35 37
1188.0 -351.0 36 38
762.5 -294.0 36 39
1182.5 -355.5 37 40
1132.5 -293.5 37 41
734.0 -286.0 37 42
709.0 -281.0 38 43
1126.5 -381.5 39 44
1097.0 -319.5 39 45
1123.5 -290.5 39 46
684.0 -278.0 39 47
1099.0 -318.0 40 48
659.5 -274.5 40 49
638.0 -271.5 41 50
618.5 -269.0 42 51
1067.0 -433.0 43 52
1112.0 -378.5 43 53
1112.5 -291.5 43 54
598.5 -266.5 43 55
1075.0 -440.0 44 56
1121.0 -375.5 44 57
1117.0 -282.5 44 58
580.0 -265.5 44 59
1082.5 -445.0 45 60
1109.5 -374.5 45 61
1112.0 -284.0 45 62
564.5 -264.0 45 63
1091.0 -446.0 46 64
1108.0 -365.5 46 65
1116.0 -283.0 46 66
547.0 -263.5 46 67
1109.0 -375.0 47 68
1096.5 -340.5 47 69
1114.0 -283.0 47 70
536.0 -258.5 47 71
1107.5 -374.0 48 72
1094.5 -337.5 48 73
518.0 -265.5 48 74
1105.5 -373.5 49 75
1103.5 -374.0 50 76
1107.0 -283.5 50 77
488.0 -269.5 50 78
1102.0 -375.0 51 79
474.0 -271.5 51 80
1101.0 -373.0 52 81
462.5 -273.0 52 82
1105.0 -374.0 53 83
449.0 -274.5 53 84
1092.0 -369.5 54 85
438.0 -277.0 54 86
425.5 -281.0 55 87
1061.5 -333.5 56 88
414.5 -284.5 56 89
1118.5 -444.5 57 90
1061.5 -335.5 57 91
403.5 -287.5 57 92
1120.5 -443.0 58 93
1063.0 -336.5 58 94
393.0 -291.5 58 95
1125.0 -434.5 59 96
1062.5 -338.5 59 97
383.0 -296.0 59 98
1121.5 -433.0 62 99
1059.5 -348.5 62 100
363.5 -305.0 62 101
1123.0 -431.5 63 102
1074.0 -338.0 63 103
354.5 -310.0 63 104
346.0 -314.0 64 105