35 3.0 2.41146483908 8.64083058698e-05 0.078173786597
35 3.0 2.23101714548 8.88212826695e-05 0.0654694684133
35 3.0 2.41710701575 7.99991157105e-05 0.0814369729061
35 3.0 2.38032766646 8.27650288821e-05 0.0617357573743
35 3.0 2.48411171497 8.44908920437e-05 0.0758634904662
35 3.0 2.36409434535 8.82032111039e-05 0.081053174972
35 3.0 2.22958585719 8.45869578691e-05 0.0647142275791
35 3.0 2.34703332109 8.61222128531e-05 0.0886914752873
35 3.0 2.33418306618 8.64865792881e-05 0.0823533961881
35 3.0 2.15820529332 8.52213076701e-05 0.0617421144337
35 3.0 2.5932820544 8.78597903933e-05 0.0755252409181
35 3.0 2.27616794364 9.12187895901e-05 0.0734429253679
35 3.0 1.99882728124 8.66756764645e-05 0.0613475030086
35 3.0 2.27034830497 8.50555846002e-05 0.0700953503206
35 3.0 2.30308581583 8.71874765809e-05 0.105067079887
35 3.0 2.31684805425 8.38288384587e-05 0.0786788146866
35 3.0 2.41134584678 8.63630761612e-05 0.0836626047935
35 3.0 2.14680965485 8.10268116348e-05 0.0688482053387
35 3.0 2.47859492979 8.79948888444e-05 0.0761024724272
35 3.0 2.41538203177 8.65400824404e-05 0.0703069656293
35 3.0 2.07990185308 8.64359717726e-05 0.0674663687202
35 3.0 2.46212780316 8.77634687973e-05 0.0639907370912
35 3.0 2.44445029548 8.27106524312e-05 0.0783468729809
35 3.0 2.57679383605 8.31379795782e-05 0.0887552207964
35 3.0 2.48322966239 8.7551133434e-05 0.0888524361375
35 3.0 2.41257353443 8.46695190831e-05 0.078974653581
35 3.0 2.51835682686 8.20828839072e-05 0.0799977448253
35 3.0 2.21742498891 8.92689114872e-05 0.112774102938
35 3.0 2.45086143783 8.32308866784e-05 0.081615591447
35 3.0 2.50073113753 9.0535568188e-05 0.078972347669
35 3.0 2.21638338576 9.05762522909e-05 0.074490842854
35 3.0 2.33741782217 8.1312540715e-05 0.0828639839572
35 3.0 2.40267281648 8.26817199032e-05 0.0712236097285
35 3.0 2.01367108467 8.01395615469e-05 0.0646369494721
35 3.0 2.42651362952 8.5877832901e-05 0.0915355240681
35 3.0 2.50004980968 8.15900884845e-05 0.0742932807811
35 3.0 2.1664400423 8.34740428262e-05 0.114688663039
35 3.0 2.3280301931 9.15701698515e-05 0.0755281944158
35 3.0 2.32487139564 8.19721922986e-05 0.0785201696817
35 3.0 2.39757954004 9.01444169085e-05 0.0837051194513
35 3.0 2.37538726436 8.91518883685e-05 0.0686685402999
35 3.0 2.72204880742 8.37294505397e-05 0.0802032778286
35 3.0 2.42396650188 8.40632213267e-05 0.0934957623877
35 3.0 2.57464485128 8.36053647688e-05 0.0863803094696
35 3.0 2.23284759564 7.99075154345e-05 0.0770966015556
35 3.0 2.41279504288 8.95043532666e-05 0.0823476437835
35 3.0 2.64187580629 8.74396089366e-05 0.0864332984718
35 3.0 2.35690930754 8.88365243208e-05 0.071840141442
35 3.0 2.51915857836 8.44355787825e-05 0.0968615720636
35 3.0 2.52788213313 8.59875795072e-05 0.0881084179545
35 3.0 2.47624631565 8.87094976626e-05 0.108840551897
35 3.0 2.53843790992 8.80330069597e-05 0.0861465794754
35 3.0 2.23753353133 8.65462544059e-05 0.0930617357228
35 3.0 2.44897853005 8.35979809512e-05 0.0768012601276
35 3.0 2.34775548264 8.12461645763e-05 0.0658985987735
35 3.0 2.42025152799 8.30732464463e-05 0.0695891831708
35 3.0 2.19169351632 8.66817715233e-05 0.0740536269814
35 3.0 2.43953911464 9.02889939127e-05 0.0717700096218
35 3.0 2.61509670555 8.75245723913e-05 0.103790651257
35 3.0 2.38020157958 8.55154424889e-05 0.0766280003575
35 3.0 2.14653718195 8.90140378673e-05 0.0939795557199
35 3.0 2.47350170383 8.41711614115e-05 0.0861709473565
35 3.0 2.45999541829 8.9396655922e-05 0.0775604414064
35 3.0 2.3212385185 8.40783467737e-05 0.075216973937
35 3.0 2.3093836789 8.32802652931e-05 0.0582388996841
35 3.0 2.60753399845 8.81418452066e-05 0.0704561308038
35 3.0 2.4187027484 8.07264199124e-05 0.0779008290613
35 3.0 2.62663869623 8.83393411399e-05 0.0747321186954
35 3.0 2.42129083689 9.01541295346e-05 0.0971461939845
35 3.0 2.1889972917 8.71239777086e-05 0.0654496020332
35 3.0 2.36519602827 8.81333240204e-05 0.0795884119111
35 3.0 2.33052500416 8.87042721233e-05 0.0795304809651
35 3.0 2.59052647009 8.80513775853e-05 0.0773399715007
35 3.0 2.3622441035 8.76622910257e-05 0.0714724291452
35 3.0 2.14419486859 8.62063814378e-05 0.0654714203209
35 3.0 2.22328921134 8.93223410177e-05 0.0756232350605
35 3.0 2.10752775521 8.84655799251e-05 0.0603244554748
35 3.0 2.38455026625 8.0174365862e-05 0.0695576419421
35 3.0 2.51837174963 8.80119099579e-05 0.0779660301479
35 3.0 2.21202720354 8.69604909739e-05 0.0802115899479
35 3.0 2.42318954734 8.69131077597e-05 0.0669502590317
35 3.0 2.30730165709 8.25089828153e-05 0.069187461123
35 3.0 2.41887306686 8.60930021351e-05 0.076325483546
35 3.0 2.31015360679 8.3587003869e-05 0.0640268411731
35 3.0 2.5123419255 8.64645386097e-05 0.0799008378901
35 3.0 2.66279301789 8.05202603874e-05 0.0851402722665
35 3.0 2.24775128211 8.6586743766e-05 0.0785628064486
35 3.0 2.33546577876 8.09346511503e-05 0.08679582153
35 3.0 2.42280137814 8.50716376927e-05 0.0730210762796
35 3.0 2.3273771325 8.46439527217e-05 0.0766755847323
35 3.0 2.13250793687 8.40283516332e-05 0.0685816535158
35 3.0 2.2644308512 8.67486808064e-05 0.0693860200145
35 3.0 2.3094343756 8.72635430548e-05 0.0741646912516
35 3.0 2.53282360436 8.60075121275e-05 0.0825728795121
35 3.0 2.28681311093 8.3237215129e-05 0.0652398553175
35 3.0 2.42383648867 8.27787610265e-05 0.0923821489998
35 3.0 2.50314148643 8.4297444966e-05 0.085987684503
35 3.0 2.52191852793 8.44171318249e-05 0.0801489453444
35 3.0 2.54606212648 8.68770210611e-05 0.0736067396586
35 3.0 2.50257464048 9.01762596381e-05 0.0767878267663
