35 3.0 2.28210489328 9.01977710832e-05 0.0801043481036
35 3.0 2.44591155989 8.59650771238e-05 0.0769942350615
35 3.0 2.37055734193 8.6369160515e-05 0.0746051182079
35 3.0 2.47853557986 8.63801023556e-05 0.073192544291
35 3.0 2.53536950328 8.91753977121e-05 0.0764878442407
35 3.0 2.20828046199 9.08668739629e-05 0.0679527621802
35 3.0 2.4413317935 8.77649280094e-05 0.0696348795444
35 3.0 2.32261475579 8.50656178066e-05 0.065961973304
35 3.0 2.27161507176 8.85042289742e-05 0.0640602977607
35 3.0 2.30570379415 8.95206023245e-05 0.0631428382069
35 3.0 2.65951382649 8.68588510282e-05 0.0844478376661
35 3.0 2.32265800535 8.05991544745e-05 0.0684013233596
35 3.0 2.31110759264 8.90830124827e-05 0.0767980929836
35 3.0 2.38023676499 8.36052247127e-05 0.0726364831321
35 3.0 2.14822553328 8.52473030857e-05 0.0706736060089
35 3.0 2.17613481455 8.44658152145e-05 0.0724575928272
35 3.0 2.08466348161 8.43423388196e-05 0.0621976341184
35 3.0 2.14726638352 8.73428442353e-05 0.0707395419897
35 3.0 2.54462793594 9.40086826646e-05 0.0760784592203
35 3.0 2.39717357374 7.98064446458e-05 0.074351383101
35 3.0 2.3790158998 8.72384663933e-05 0.0700994285837
35 3.0 2.45443265288 8.59162474602e-05 0.0968312410134
35 3.0 2.1998100554 8.40912432692e-05 0.0676242045505
35 3.0 2.53776176846 8.03330267807e-05 0.0815893938417
35 3.0 2.37144237963 8.78307480894e-05 0.0672044058493
35 3.0 2.3054155542 8.19489513771e-05 0.0643147944653
35 3.0 2.57494400913 8.8190679115e-05 0.0797161863068
35 3.0 2.52909509906 8.45023730523e-05 0.0727058403047
35 3.0 2.28488743433 8.79547113837e-05 0.0841842154678
35 3.0 2.44720949921 8.94738496633e-05 0.0792320667947
35 3.0 2.2479471661 8.83016156028e-05 0.0622264552692
35 3.0 2.18844208508 8.35982595312e-05 0.0720799805316
35 3.0 2.12535639035 8.193693788e-05 0.0667618389592
35 3.0 2.50478171209 8.1749207272e-05 0.092726080626
35 3.0 2.341192732 8.13688638057e-05 0.117625675707
35 3.0 2.21588111468 8.76061523433e-05 0.079647985695
35 3.0 2.36074735309 8.43369636911e-05 0.0745110952943
35 3.0 2.63063327285 8.22787769366e-05 0.0751250638084
35 3.0 2.67114294097 8.66070226634e-05 0.0748915743738
35 3.0 2.10117235637 8.15802449861e-05 0.0641917751462
35 3.0 2.33404047707 8.67951398731e-05 0.0846853095462
35 3.0 2.35293552533 8.74335746642e-05 0.110019098614
35 3.0 2.22481130754 8.66696442019e-05 0.060371991205
35 3.0 2.45203854577 8.21523817195e-05 0.0867229763762
35 3.0 2.38371201429 8.89946760146e-05 0.0858296714998
35 3.0 2.35258671251 8.33827476424e-05 0.0678399029055
35 3.0 2.49606833302 8.39197181846e-05 0.0749782411977
35 3.0 2.42511361161 8.92845434136e-05 0.0728640456176
35 3.0 2.12898028569 8.49374962785e-05 0.079728562505
35 3.0 2.49020860705 8.60134116516e-05 0.10239023599
35 3.0 2.35351561347 8.76424977735e-05 0.0703633958784
35 3.0 2.40730381529 8.85711369295e-05 0.0936951599918
35 3.0 2.2868312391 8.38482180239e-05 0.0718463567542
35 3.0 2.48662491501 8.33918985097e-05 0.0763782411806
35 3.0 2.62104026702 8.696151165e-05 0.0813854941198
35 3.0 2.28156508965 9.08506258505e-05 0.0683346858376
35 3.0 2.36253817376 8.61416729807e-05 0.0810323351959
35 3.0 2.24111779261 8.84778431002e-05 0.0631134093212
35 3.0 2.22595292775 9.28884720897e-05 0.0729686414188
35 3.0 2.66058941385 8.24099768029e-05 0.0825702657016
35 3.0 2.56839558597 9.47701846165e-05 0.0924418075199
35 3.0 2.29133172234 8.64451131804e-05 0.0684404756163
35 3.0 2.44784700231 8.1230050859e-05 0.0787091747135
35 3.0 2.24593677908 9.02585049687e-05 0.0696528276217
35 3.0 2.41247738851 8.49609347727e-05 0.100485041974
35 3.0 2.43438548769 8.13439250361e-05 0.0859617743355
35 3.0 2.54264397774 8.89244398139e-05 0.075548442171
35 3.0 2.37697439198 8.31476529202e-05 0.0820696573848
35 3.0 2.5253896944 8.81714678742e-05 0.0777012814333
35 3.0 2.4753712639 8.41877133916e-05 0.0905390676243
35 3.0 2.48791328632 8.31417622495e-05 0.074034614793
35 3.0 2.48083946791 8.53550719174e-05 0.0831726458864
35 3.0 2.43911461569 8.59805492041e-05 0.113930146928
35 3.0 2.23322883807 8.30860590169e-05 0.0939503236106
35 3.0 2.30304942259 8.47957927832e-05 0.0680757929825
35 3.0 2.13903222779 8.58323222577e-05 0.0714566027221
35 3.0 2.41209302876 8.29548634758e-05 0.082440054913
35 3.0 2.55124841016 8.51119446759e-05 0.0651776837772
35 3.0 2.37741289511 8.49076394707e-05 0.0706125175028
35 3.0 2.53455362776 8.60346643126e-05 0.075748470983
35 3.0 2.17186809347 8.6974577728e-05 0.0630740362338
35 3.0 2.34991194906 8.54070607004e-05 0.0630068416093
35 3.0 2.19637393984 8.78760258047e-05 0.068823938621
35 3.0 2.46113645077 8.80196634249e-05 0.0771417006442
35 3.0 2.41301906388 8.48581885793e-05 0.0788707986373
35 3.0 2.42567609227 9.04970298183e-05 0.0713282665779
35 3.0 2.56194706459 8.86168991618e-05 0.0986862079244
35 3.0 2.52120136131 8.45172926316e-05 0.0913317567302
35 3.0 2.17824475921 8.31587378609e-05 0.0746873635431
35 3.0 2.49868625174 8.25331680289e-05 0.067358279638
35 3.0 2.52173113127 8.64782414258e-05 0.07847115592
35 3.0 2.36283576704 8.51420119353e-05 0.0668084760451
35 3.0 2.43798265668 8.74037471803e-05 0.077299886711
35 3.0 2.32288983653 8.22677405959e-05 0.0724237540684
35 3.0 2.49991061315 8.40110717326e-05 0.0711258392368
35 3.0 2.38080754299 8.54878492905e-05 0.0813544112521
35 3.0 2.07940941009 8.90079684185e-05 0.0630327135545
35 3.0 2.43698766165 8.73597849072e-05 0.0733875146285
35 3.0 2.56062315692 8.58245304285e-05 0.0766501631682
35 3.0 2.15947787542 8.67158678954e-05 0.0646063879732
