0.0 0.0
0.0843432543646 0.0397264646672
0.0872905287966 0.0401332191295
0.0866256711314 0.0423176031081
0.0836705462921 0.0336678409726
0.0754760689923 0.0344207340428
0.0815986336642 0.0401907835613
0.080955677452 0.0329640308836
0.0792063592777 0.0346018437513
0.0844431582049 0.0316600257813
0.0792372435067 0.0279858947401
0.084641085205 0.0386742420783
0.0746577191864 0.0345325237742
0.0837986285715 0.0382885319251
0.0849022646173 0.0343442048057
0.0832581806189 0.0343124687857
0.0858011563678 0.0428745076406
0.0888688324199 0.0394094881989
0.0901253015811 0.0404929224751
0.0813890978434 0.0329011693492
0.084591510476 0.0329454011709
0.0805187522259 0.0348960891423
0.0876624045926 0.0390717346656
0.0858574112665 0.0364198169393
0.0879862225456 0.0396713057141
0.0859026419436 0.0378996150143
0.0883153737167 0.0395444217076
0.0809584286279 0.0339585500918
0.0879049839452 0.0322212670354
0.0919613237755 0.0398794620102
0.088819762879 0.0379804641176
