0.0
0.147697925931
0.109197994913
0.196050535651
0.166808675081
0.0336020329438
0.0395543970307
0.0983197848545
0.104046378858
0.0926687338267
0.0757964542995
0.112709494011
0.11140365102
0.0414110727222
0.105451296647
0.156550544681
0.0970557166038
0.0613642020778
0.0657328746173
0.0897097667474
0.0358155925803
0.0802996305617
0.0639869171134
0.0619786350051
0.028692561281
0.0636347183662
0.034751710378
0.0449680685008
0.0601751074001
0.0984935013363
0.106800048231


0.0
0.0861558804355
0.105035034802
0.0804858940654
0.0637109306666
0.0666411124907
0.115725843286
0.0688439607528
0.0312126138261
0.0324612846384
0.0815977226371
0.108792957269
0.0627472020094
0.0579766891605
0.108848657633
0.105128977157
0.125193304969
0.166570855625
0.179183699301
0.0664216721419
0.0621957250047
0.0236158827117
0.124760077491
0.0694815384259
0.0590273294644
0.080787454935
0.106056363511
0.0700572574345
0.0811873724402
0.101420287905
0.101941012553


0.0
0.161163210763
0.0913152327512
0.0541428047559
0.0936247504282
0.0418111624324
0.124422326444
0.0512190599214
0.0288292761385
0.0548848428618
0.0946069963523
0.0562019150867
0.1069274514
0.072261407811
0.119153942511
0.144599697644
0.0533819631512
0.0547939675032
0.068969977076
0.109904939363
0.0650623451398
0.0414218763532
0.0864477163375
0.0656683565452
0.129395551374
0.0606188276091
0.0634720096124
0.0814028659131
0.0708068303865
0.11264479373
0.143712279852


0.0
0.0706032460751
0.0736758244206
0.0359037648152
0.137231829122
0.10924175504
0.066053250158
0.0856497583162
0.0766863472737
0.0732345528977
0.0936354269696
0.0564941164586
0.0714062128881
0.0891310123621
0.0419573193094
0.117218085305
0.0914669728729
0.0532574811196
0.115689185496
0.080331040362
0.0890164811085
0.0704822218246
0.0702361997338
0.042130262708
0.106404259417
0.062637598918
0.0959856966349
0.0907620651322
0.100871944786
0.127852570698
0.0557414873489


0.0
0.0338759102901
0.0456508968558
0.0638146920931
0.106696522152
0.0866610237904
0.0195622850587
0.10390612111
0.135948536758
0.024186094386
0.109906356257
0.0665087113262
0.118503582905
0.169662386314
0.076238440363
0.082543616537
0.0400956942317
0.114578346061
0.07133822555
0.0463367435637
0.0487319080399
0.0690650533304
0.145506499238
0.0777955547783
0.0864090570504
0.0558699679884
0.0665110111804
0.0980099047208
0.183453983962
0.131169148201
0.0884048836509


0.0
0.13991020816
0.167828804628
0.0321997297379
0.148349767891
0.0666732150811
0.104854380235
0.0650192660173
0.0464719879172
0.115354956416
0.0966327234987
0.0116204120937
0.0337921343514
0.103277975493
0.0528829743656
0.0827426195105
0.0473018231255
0.0496195160041
0.0545787692508
0.0760817076762
0.0335051744847
0.138668601103
0.101428602127
0.0657561766907
0.0406598350636
0.0262497557821
0.0824251218744
0.0831046162497
0.0417662037469
0.094278390162
0.104593793825


0.0
0.107006891839
0.112834115235
0.0372385728272
0.0930821768255
0.0677259644401
0.0429213722816
0.0535571018082
0.0532058768009
0.0373883018166
0.084639554974
0.0369024548403
0.0232317836643
0.0277409190797
0.16430492284
0.0752343814743
0.0575860557552
0.156693983981
0.0287035198269
0.041903135573
0.104189170817
0.0587799446203
0.162578822207
0.0893787855386
0.12763615411
0.0362916240204
0.0627985107371
0.139553482785
0.0747646373711
0.0417378753032
0.142062016263


0.0
0.149484984142
0.101621844321
0.041030259916
0.071033891983
0.101237451956
0.109797695455
0.0689489901178
0.0995748997505
0.064703791635
0.0976025825857
0.135805545964
0.0636151446165
0.0727379691941
0.0768983274388
0.0315874583427
0.0517077269195
0.0449112543589
0.0710882872358
0.0186740598742
0.0766916279738
0.0695460441323
0.012719991325
0.107205446338
0.16200188706
0.0587821880185
0.0773732246797
0.0718109611153
0.0376420896877
0.07051251975
0.0666951540854


0.0
0.0966149935733
0.070312168706
0.114854966911
0.0299926113522
0.0813521974419
0.0615863273806
0.0936641377258
0.0274043925584
0.102095661508
0.0835156637272
0.0558153456139
0.0496358068453
0.143177167622
0.0883757371055
0.0816771155978
0.0664393304514
0.0713646198692
0.0319038632367
0.060780837469
0.0322742513161
0.0404781439737
0.0947235351575
0.0804286307878
0.0302407229593
0.0508098197672
0.0978142335438
0.0655281224927
0.0764418126876
0.0906355643405
0.0975646730602


0.0
0.0374118130979
0.110990008221
0.108289378945
0.111704119416
0.0646907957907
0.0330990352527
0.0730372258585
0.086876758768
0.0889998636298
0.0676585516518
0.0818937011533
0.0349275669847
0.134775117592
0.0450462803023
0.111324120284
0.0883699459036
0.0377673618104
0.0743673437895
0.0260540621481
0.122261503393
0.0922686369219
0.056151328859
0.0638204206464
0.121046544474
0.0306104956987
0.0956461639836
0.075877276592
0.0450287532547
0.0397907107451
0.0118754786147


0.0
0.048023384699
0.143205880081
0.086112097951
0.050620866848
0.112676125894
0.0801883804201
0.0975366157517
0.0116980476077
0.176584285695
0.0700915001565
0.0588269041911
0.0693763324148
0.0587682042885
0.142553541786
0.0828146125134
0.0140105615208
0.107079738149
0.0724032853245
0.0886394277028
0.0355248072706
0.146158198426
0.089766133374
0.180947395428
0.0339915728068
0.0938688590508
0.112787550238
0.0899758274425
0.0838841769881
0.177714346519
0.105076242657


0.0
0.0870089244221
0.0721014400494
0.106351811315
0.0232714078102
0.110944602708
0.0930945297908
0.0927746268554
0.0664825042757
0.0664921736145
0.112869615455
0.0776499179102
0.0556992428853
0.0291580005949
0.103601577655
0.0901495332656
0.0816871352393
0.0474460238496
0.0562876813646
0.0827008397477
0.0751467430825
0.0678922551032
0.177552107795
0.0416466567494
0.0690433493757
0.0664223483968
0.0642663947297
0.0871731840744
0.103794797326
0.0807474511295
0.0624321387399


0.0
0.103782816104
0.080135123627
0.0257269763483
0.0544987074764
0.0622064390717
0.106442317292
0.1032721179
0.126989128239
0.0673434727583
0.076610976126
0.0396200095548
0.115231564285
0.15413767626
0.0705293845822
0.0180597814348
0.0382850711415
0.0819791156045
0.0802324149854
0.0297315280972
0.138486924316
0.108247711035
0.0918300602632
0.0441935941217
0.0790814996598
0.152355231363
0.0815282670166
0.107549279814
0.0422593262376
0.0975930199358
0.152065252715


0.0
0.0769229359165
0.0667802861001
0.0990066243767
0.0522179538535
0.0967973604304
0.115763856285
0.0524817759
0.0462785313378
0.0939479781532
0.0577320102936
0.13645614059
0.0360699126611
0.00822397986312
0.103340368506
0.068574038486
0.0405899817032
0.0603427204269
0.131818550992
0.106711900534
0.0873429430192
0.0472215180015
0.127716907563
0.0881169516175
0.137342404701
0.0553454123709
0.0495790372637
0.0357312308227
0.10243097868
0.0926571211141
0.147062735209


0.0
0.0512204809352
0.0949163195062
0.103253396448
0.0735999311129
0.0698023401622
0.0567429282782
0.0445265377358
0.111482429088
0.0768464553101
0.0578597581166
0.034662177845
0.0847953514339
0.0994318061028
0.0970128162893
0.091033019837
0.0975169642522
0.162563305417
0.076848484342
0.0904372397814
0.109649910201
0.0737011546713
0.12159177393
0.0114733436951
0.0764816519844
0.0592958355159
0.0902797219302
0.045243420231
0.0987640368861
0.0736240004506
0.0581871115605


0.0
0.0277745344621
0.0594892982245
0.0580844567904
0.0478101964153
0.073987912551
0.0914313787657
0.0680550526428
0.147772165626
0.0276434852715
0.0722848031976
0.040035637657
0.0753823352806
0.0778818310711
0.0774691213368
0.0664323181501
0.12523266005
0.0688378310958
0.108589920869
0.124518132
0.0607364046078
0.0985416065109
0.0974750608605
0.0688965086332
0.0716143371626
0.0834470708905
0.141080922789
0.0824722185772
0.0626127401857
0.080377986785
0.0915519061888


0.0
0.0685054076148
0.0965200994699
0.0391792633411
0.0797784740893
0.0393498742392
0.0605420514882
0.0612958831357
0.0523386916102
0.082424150114
0.0540602938722
0.0793280971571
0.0626860091885
0.0364886186953
0.0578422520219
0.0357302519092
0.0575957395791
0.0639647364145
0.133222573507
0.0675117022666
0.0844631562364
0.0927024885724
0.0327968842813
0.0781468150971
0.0936322626372
0.134438021968
0.145060457649
0.11743113115
0.0378233477048
0.0607528797052
0.0483238697666


0.0
0.041455654988
0.0729908076276
0.0450027884785
0.0504919825801
0.0686913091902
0.0667358388427
0.0735956923433
0.0349860765789
0.0590862684365
0.0899192642674
0.139607854749
0.0320468450422
0.0744001067582
0.0638535166485
0.0823790334916
0.166730775002
0.106678710571
0.108993029372
0.0666530262504
0.0557577836545
0.0983064920945
0.0891140345569
0.0682322077639
0.0717339077093
0.105074755486
0.179575507398
0.0616686561001
0.0493865115315
0.123344971354
0.0218057534014


0.0
0.109053142962
0.0890499095034
0.0547321350441
0.0874456670869
0.125310829571
0.132110305366
0.050965606059
0.121596923401
0.106234020391
0.038740408493
0.0932639426057
0.0290479089143
0.0795563257176
0.105464538312
0.0687435860761
0.204065126323
0.0954361672058
0.0339718517626
0.0633204499645
0.0539833835179
0.0449666863337
0.0987957150714
0.0973028597275
0.109288958747
0.0778305563212
0.0390466630914
0.0557714844127
0.113394412063
0.108992747562
0.0808522544562


0.0
0.0378039762776
0.0995405963321
0.101108467916
0.0789763887633
0.110372413828
0.0986847658209
0.061997129827
0.0554494249016
0.0655439002071
0.0528099991028
0.0468760043289
0.110726765189
0.121781467788
0.131496203637
0.0574144173109
0.0935647347788
0.10970025465
0.115053566358
0.0529578037558
0.0590834910239
0.0204751559094
0.0427229218438
0.0979896727424
0.111323078123
0.125029235817
0.141272247451
0.0120892358948
0.0758058892622
0.135293384603
0.0368463200969


0.0
0.0649156042122
0.0667784744621
0.114000747962
0.0499908060134
0.0275220732299
0.0498368644433
0.0792232810593
0.0283904692606
0.0625173253559
0.0886871437001
0.0697856086806
0.0102348280636
0.143981731594
0.105596481688
0.0877213085254
0.0797555384704
0.143073047769
0.0692949785385
0.0888767477474
0.112557982802
0.0841879707837
0.0809726498826
0.0138508726042
0.0663273686553
0.0968818847108
0.0652880658862
0.083095176273
0.0594652832211
0.118130869862
0.0791409661827


0.0
0.151441456432
0.181070544454
0.0955970899367
0.0808496178951
0.0583022041452
0.0612213378788
0.0643619386284
0.0978529727812
0.140805140376
0.0322166864161
0.225263226935
0.0914273053834
0.062467152601
0.0601110640215
0.0627692414294
0.0493666162147
0.133977476965
0.162304996938
0.0939915219124
0.0511813347196
0.0884103121498
0.184838539177
0.13569377622
0.0942638299925
0.107644836599
0.13508918564
0.0834060761216
0.0525228353944
0.104012168652
0.104284298441


0.0
0.0740411496141
0.100695584532
0.122529764167
0.101764454517
0.0394875375214
0.0569241867594
0.0537065434848
0.0979517946371
0.141957673653
0.0943658533287
0.116065551357
0.0841179767413
0.0438902644314
0.0325103029233
0.061565175333
0.0673404849451
0.0770249431008
0.0580123560794
0.0973326879749
0.0780645715697
0.0749148766688
0.0674506313901
0.0379521430431
0.1310911079
0.0746360800692
0.039480483836
0.0747368194963
0.0634025148714
0.0772002199627
0.017079878577


0.0
0.124385833889
0.141527373282
0.0921554728606
0.0540941908821
0.126155285664
0.106052469336
0.0633293530978
0.13720088167
0.0707269403324
0.0189479747268
0.0626454769374
0.162448226747
0.0984899081277
0.0575000963875
0.0727182495632
0.0406127421883
0.129633424278
0.143587558042
0.0964036621229
0.0952194571208
0.0784753452093
0.066142018224
0.128927076471
0.0392892686031
0.0400759683307
0.0338887368361
0.0530130204432
0.0936303650742
0.125072691419
0.0537315816354


0.0
0.0275899548703
0.0728470902041
0.0981293930028
0.0771553528726
0.0425636250513
0.102613096955
0.109609236086
0.0590830590247
0.0404362926437
0.0820440559404
0.0853223323332
0.154014646119
0.100635536216
0.059939837351
0.102736102332
0.00464502514834
0.0532531657934
0.0274667812282
0.0987284201371
0.0810734234995
0.0649691325703
0.0575173516543
0.0670471993434
0.118790138986
0.0760480229949
0.086978483656
0.0517705004231
0.112125121303
0.0862883033828
0.102542307574


0.0
0.0726992679892
0.0182258326267
0.109040131501
0.146917398487
0.090138326354
0.0783208861732
0.0806401174264
0.0610481087075
0.0838114405916
0.0590911117259
0.0286144204177
0.0582144094391
0.053154730045
0.0685123092691
0.0989034633678
0.0871088014178
0.103720928523
0.0600714429194
0.0766792811713
0.0447689954731
0.0203137306478
0.0921992777642
0.077188980085
0.116365802659
0.0370187902161
0.151326584253
0.0414304690871
0.048878274451
0.0342240072891
0.0684761446845


0.0
0.107940257149
0.048323459138
0.103720912468
0.0465994978313
0.177825350181
0.0356420286574
0.0746222852218
0.051112158153
0.129309610079
0.0949110867504
0.0555620376316
0.062951948227
0.0967360533974
0.10658156106
0.0875087526285
0.0423589177885
0.134869009836
0.134041828592
0.0870922537095
0.0507686074945
0.114909466367
0.148941757564
0.0806196410506
0.155310911767
0.0618921574847
0.0803548747397
0.060535335643
0.0960940925584
0.0953506415528
0.0921896728194


0.0
0.10275931378
0.0515388654126
0.0557646491334
0.089180792976
0.040069934771
0.194367307943
0.136943718887
0.0804646870445
0.0827369575324
0.0550441335442
0.0876047932662
0.0477810236782
0.0686708316256
0.081334063723
0.0595989204658
0.0270856343348
0.0872535679703
0.0568895139851
0.15109292792
0.0470924670848
0.0755174700131
0.0700935993297
0.121745475053
0.02075775044
0.067206097366
0.0479076561192
0.122080894678
0.0893738087013
0.126559041716
0.0955694786654


0.0
0.0600549372898
0.0840176635692
0.109560938373
0.0895129982697
0.122292072617
0.0427780393287
0.120898048777
0.106074843614
0.0343303674984
0.102247645226
0.0592118978317
0.0800402359844
0.0916234927221
0.134397320703
0.121176956488
0.109227299827
0.0575910970215
0.05502306864
0.109365085224
0.0723633813305
0.136043146068
0.0610754284457
0.141577051387
0.0730760379884
0.132822638318
0.0245281148322
0.0713803067908
0.132320398134
0.0715154304375
0.0726947704931


0.0
0.0585334680749
0.0213446871407
0.0332122655824
0.102544385631
0.12276742525
0.0920755460553
0.124789282766
0.0974343804701
0.0935163020919
0.0786806434345
0.0790952036647
0.0923489563952
0.0523522571784
0.129183924659
0.152167357805
0.13922078215
0.0184369041578
0.119731511438
0.105221308603
0.11651697872
0.044686107456
0.0689374202304
0.129049008118
0.0543689210951
0.0701335634
0.0719587687191
0.109818606598
0.0705481549982
0.133042025562
0.0555894563829


0.0
0.0834823456983
0.0255306883974
0.068948733652
0.0462682889157
0.0303630391005
0.0517258009955
0.0436634178613
0.0655074673372
0.0636071807497
0.0806499474123
0.086815834798
0.07013362805
0.0422838066998
0.0781313244883
0.0580096931607
0.0735331147282
0.035293840443
0.109200925836
0.0456424581049
0.139221696273
0.0539392786662
0.0565902074152
0.0443988909611
0.141436527778
0.0887660019396
0.0494668766738
0.079319577937
0.146323790218
0.122327503736
0.0444709688023


0.0
0.0201404439966
0.099916861126
0.0909933655432
0.0782849254104
0.0664242769382
0.20124212443
0.031381376264
0.0323511169695
0.0736290925363
0.0698476569761
0.0273003482822
0.0581727876742
0.132679159514
0.0289300581017
0.0537838819954
0.0046324387396
0.0526579020205
0.114276982997
0.0416338052419
0.0272602825838
0.133948839698
0.119820874854
0.0935898246478
0.0836684180034
0.0409185417932
0.110729458349
0.109451604862
0.0683763302206
0.114282447704
0.178202097963


0.0
0.0286365792304
0.0357647136342
0.116345683007
0.0556145820038
0.0932294214476
0.0107872598463
0.16945353757
0.11507223349
0.0505537831682
0.0856009613951
0.12292746487
0.039420758574
0.0478551335592
0.103198407108
0.0721103662038
0.0778784210779
0.00929999048326
0.0589089936741
0.0709538731712
0.0872909133985
0.135439184347
0.0682896252535
0.0637294530678
0.0356139199724
0.0900135789984
0.0656619313853
0.0948287800034
0.0598709570148
0.0249129156391
0.0681525403551


0.0
0.103992968075
0.154165938306
0.0919374824181
0.133482223779
0.114986617261
0.149801972411
0.058986179669
0.125648886527
0.0487388144225
0.0670666752982
0.184652293626
0.0697703966376
0.060955518357
0.133734256016
0.0561078098128
0.0357742094952
0.0684351842768
0.115399203224
0.0904779568246
0.057499445216
0.145005893143
0.0593975151251
0.0900751063327
0.0742969839717
0.0363281631866
0.178627815172
0.0978392825035
0.095452871778
0.0914166272111
0.09133003898


0.0
0.126660621187
0.185174054299
0.0538012275651
0.0785606832564
0.12755465664
0.155791241155
0.119155160272
0.184077955759
0.121662570278
0.122133167551
0.112360163732
0.13498425454
0.116297256428
0.164610885358
0.113288631179
0.0724859950168
0.152447503186
0.192543592905
0.0602584604783
0.144246051542
0.126788014362
0.0702329639131
0.158317792734
0.123470393323
0.0685336341023
0.0626063631435
0.129161160453
0.0448996282164
0.199682898282
0.119232648191


0.0
0.087569279091
0.119239784218
0.107588785961
0.145113854942
0.050981783854
0.0376838999608
0.0663353754826
0.106220238732
0.0824934074439
0.086753571452
0.0959300861599
0.116343689676
0.12978007945
0.0953881850794
0.0524598038022
0.0891534272851
0.113987591513
0.0285353737117
0.138551190261
0.0395309263778
0.0828409000775
0.0405517003159
0.0448972543612
0.0214829713641
0.0243353254287
0.109113040621
0.212992516087
0.115739908226
0.0453600871439
0.0724893150885


0.0
0.0633318655933
0.152279963715
0.0558615162598
0.0294946793395
0.0475489358295
0.0986503564139
0.0541005184253
0.113000162424
0.0596221767912
0.110827327154
0.0296477828442
0.0637725271137
0.0234051905641
0.0704892989268
0.12469171702
0.121921209744
0.124823771683
0.0462341317557
0.0944082438126
0.0745339027454
0.0591592521793
0.069364905595
0.0768109352207
0.0768840011875
0.122780516726
0.0783084800031
0.0853699912009
0.0499587473968
0.115260256636
0.126733935908


0.0
0.033803315191
0.0470296414416
0.129638998133
0.129992765142
0.0301696451573
0.198521918865
0.0495140141172
0.0494739087902
0.0993977984335
0.104865840961
0.0661160739731
0.0666622874135
0.10581752756
0.0881486341039
0.0642594329032
0.0453034638796
0.0792531199848
0.0640373904935
0.0619530912813
0.174532446313
0.0841366684371
0.149454490143
0.0473103972295
0.0615824031391
0.0781650846718
0.105323230628
0.0854134892168
0.0870217929361
0.0842874298969
0.0751590704015


0.0
0.0795207466982
0.0714594497376
0.0745202840833
0.0778066359846
0.0564961523429
0.0791541406364
0.103194098415
0.056455838771
0.132371868364
0.0987347649217
0.0361246591374
0.0913122614998
0.0803357526816
0.11170355992
0.0783861138136
0.0928302207512
0.12492422915
0.0662850867878
0.102147999935
0.0804823908825
0.0317893249178
0.0228108348114
0.0662665009637
0.0358932510816
0.0495209511013
0.0760131085161
0.0904375727275
0.120771924483
0.0959210437792
0.122757950744


0.0
0.040030478445
0.117868516366
0.0710335321723
0.0380022804769
0.069332054322
0.0685293998353
0.0921969221916
0.110902117663
0.0683635481694
0.0471177455302
0.0654422310199
0.038002456356
0.0682090382742
0.0518313279456
0.187922695726
0.0321489764289
0.0780679762998
0.12169393831
0.0462966913882
0.0727392551563
0.113773949869
0.0777297278245
0.040774501609
0.0876838851468
0.0155554487252
0.114499304742
0.0314170583174
0.115639582725
0.0433308899508
0.031416609414


0.0
0.0877646550864
0.107122060082
0.100519570528
0.0838655494868
0.088564734179
0.0609557782994
0.0471241025054
0.0482033693543
0.0938488383021
0.0733537676662
0.0905996435876
0.0805623519701
0.196054477574
0.0626185087835
0.116441671926
0.065861961755
0.117045286809
0.152078364251
0.0784722075563
0.0370836332654
0.102006928371
0.0320564371102
0.142812736838
0.093293079592
0.158815599903
0.14065522668
0.0795856474859
0.0387223876529
0.0645954148152
0.0941362850933


0.0
0.120683459428
0.110226298313
0.188394547656
0.153975569238
0.130814303576
0.0481466301224
0.111517144233
0.116877253209
0.102606928334
0.0790355566404
0.167829822418
0.053942357364
0.124292629603
0.112431865198
0.114033844762
0.191008411524
0.121275960524
0.0957368756892
0.0348450681412
0.129590809282
0.144279890644
0.121191678806
0.123304201106
0.124072356086
0.0809226912255
0.134822932364
0.0745337359892
0.0984257450984
0.0913710360409
0.14057610846


0.0
0.047565156513
0.0625980867132
0.0450333368789
0.0739167059385
0.0479742548087
0.0437581543574
0.0449474359805
0.0766575549845
0.0747141488167
0.0971588885274
0.0425393285772
0.0223355390306
0.0152884781065
0.0895266480194
0.0459224550978
0.180511742991
0.147049238476
0.105256585725
0.0258686682913
0.0413486611742
0.0822770343512
0.0634998212063
0.0658489269078
0.0927065130728
0.0314873155415
0.0733585687524
0.0499888079465
0.0943523706806
0.0454203593183
0.135426690947


0.0
0.131850400262
0.0855934547458
0.126192567621
0.10777095751
0.056363653059
0.047000791946
0.0882513018556
0.0545788869344
0.118095797711
0.0341808173044
0.148003836123
0.0426168213366
0.172744822681
0.133910159384
0.0503026013549
0.0307706803568
0.0992349038817
0.160141177528
0.0431976775962
0.0773750034093
0.0308438422519
0.0918408791649
0.154897624513
0.120372862281
0.0647217872909
0.145108155089
0.0762921150806
0.153621002075
0.0901460793536
0.0659327365622


0.0
0.0719655183725
0.0760563997793
0.102538499686
0.0697161059458
0.0324164541061
0.139787242839
0.0399072672589
0.0769977271764
0.167265315949
0.108234077324
0.0976932974124
0.0635472461723
0.0771219348143
0.0770860562703
0.0636133901082
0.124453688517
0.0726092473785
0.103918027775
0.0794712520918
0.0640763309209
0.0712869641031
0.0688576979966
0.167328522303
0.128421329498
0.0990799655495
0.168350871244
0.05441801691
0.143228690056
0.113067967434
0.0654579759403


0.0
0.066624648726
0.0759626774695
0.118517124912
0.0795181227992
0.0489762723487
0.0828132085662
0.0541434434797
0.0505082841911
0.0761909781155
0.0702588221823
0.0608756610531
0.0329268516035
0.11358319344
0.0680546296361
0.048709318141
0.0895340812631
0.0575851006285
0.0735616659625
0.116552010743
0.0906812366664
0.0818809638948
0.103110842138
0.0570931156825
0.112748624896
0.112702389204
0.0507484156777
0.0742864600821
0.148820158012
0.0525180899894
0.0146689107695


0.0
0.044118585776
0.08541394757
0.0628445075241
0.0723435714135
0.0766522621996
0.0453531689446
0.107148813035
0.119549253225
0.1206327086
0.0491664862142
0.0810533126718
0.137327358101
0.0692120813845
0.0664769154445
0.0576094468025
0.0763336258864
0.0225113477777
0.108481323772
0.0592726212048
0.0999768355889
0.132760574796
0.0841450804339
0.101473487058
0.118690814417
0.0566067629252
0.11422965591
0.098766796329
0.0683693711288
0.0605031986278
0.138453863499


0.0
0.0846724405433
0.0438254133666
0.00376894321595
0.0764290882803
0.0545521754756
0.1396436659
0.0786105904576
0.0819284527233
0.0849335824227
0.0937116565908
0.139018229345
0.0848929687381
0.112425949164
0.0343139989663
0.118315448134
0.110627911659
0.0220330088355
0.115230628502
0.0573125445749
0.0530476369068
0.043124437425
0.135474341739
0.0848065763847
0.0309754143836
0.0930596069031
0.129110581172
0.0521156983202
0.0927667846374
0.0797151837237
0.129287939767


0.0
0.17232739657
0.0554952837263
0.0608321353837
0.134459098179
0.0162806519198
0.0671572657785
0.04188848751
0.0515100851264
0.0915930031501
0.048654804148
0.0868741735602
0.026288735968
0.0786589669835
0.0749921384846
0.138639651899
0.0613098465498
0.0996644373177
0.0823488964442
0.142962176722
0.130414392993
0.0585580604419
0.122515988769
0.0742330565728
0.0677431926933
0.148471088694
0.0431306923021
0.176320529008
0.0751765326332
0.0289426210383
0.125300212169


0.0
0.0706766251556
0.155088734003
0.250915980867
0.0572244628075
0.218404206804
0.086350887375
0.0880557804224
0.183190019093
0.134018106921
0.0684741724998
0.0607503527368
0.104108260935
0.118503126298
0.0663640813476
0.0818424758754
0.0640744453858
0.120932082157
0.158182568527
0.100251914083
0.0567491574104
0.120952896212
0.0614671082963
0.0771764385396
0.0633872479099
0.100062792027
0.0541463179141
0.0996961029444
0.10759546998
0.148209757255
0.159523287764


0.0
0.0987848379894
0.06419776246
0.0194057888376
0.0825423201078
0.0758890029118
0.0493119830614
0.0786476419955
0.118930587592
0.0898169298721
0.0309111505247
0.0912952774473
0.0399629350245
0.0743290780591
0.0922856329204
0.0856582041461
0.123151751644
0.0757383605167
0.114058906895
0.0810555384761
0.0990376169545
0.0867740536605
0.0602177635287
0.10690155669
0.140486705538
0.112334031233
0.0411880220921
0.06065268043
0.0778476717451
0.0958559727333
0.0360304103869


0.0
0.0893631538629
0.0766972961746
0.060944045045
0.0915712232391
0.0894950081045
0.152536843022
0.124371722888
0.059749869173
0.0909792335487
0.115199007896
0.109445403513
0.119267542137
0.059340023004
0.092348933226
0.0799522599909
0.0752551377492
0.113247995217
0.149485580717
0.148801531231
0.0943521925515
0.124787602491
0.102078365263
0.0908767683806
0.139167859411
0.0822018488247
0.119125009652
0.058398181444
0.136496476249
0.0764464942056
0.0180152662164


0.0
0.0562333820321
0.0162525016135
0.092685413928
0.0530695391128
0.0392120603032
0.0410300852474
0.120072627819
0.0836790845805
0.104252321136
0.0964061308788
0.0778742911359
0.0137176973579
0.0444474889937
0.0507227146135
0.117436859974
0.13558504915
0.0519961721032
0.164308153768
0.115158276802
0.0425675581892
0.118738210409
0.138794697095
0.104611324006
0.112538163058
0.0678323167466
0.0641982977305
0.0790798700855
0.129122644008
0.0660174595688
0.0761962231625


0.0
0.100743566933
0.0424649864083
0.0437636060347
0.110155513019
0.03325858069
0.0389273015691
0.0768176150473
0.0845084566574
0.0530480494934
0.126812284241
0.0932122427331
0.02753713826
0.084079003438
0.109330680221
0.0538784004399
0.11346425998
0.0832966996493
0.140445673123
0.11108713969
0.0897075378805
0.122434566257
0.0413594075874
0.0732112297526
0.172983643196
0.078955244202
0.0930769358583
0.0935038703831
0.076925051755
0.143692559671
0.0368010225384


0.0
0.0878649892049
0.0825396412072
0.125789550965
0.117164949325
0.10431907085
0.114193973073
0.0141959980328
0.0959680243756
0.140172723762
0.0702853607159
0.0676829342684
0.0711303416882
0.0535811532959
0.111434834809
0.0470548768902
0.0768958017957
0.124612503843
0.115343702143
0.113012533556
0.0977463654406
0.128010856116
0.0867765943681
0.108859674068
0.1778074382
0.0514608859671
0.046568328257
0.081617789037
0.142605644629
0.0311897887276
0.0607582388636


0.0
0.0981387165602
0.0927179929568
0.0973748945047
0.103228702522
0.0974622012436
0.121004905589
0.038847669728
0.0563048894485
0.0745350304167
0.15204985607
0.0930020070539
0.0730104664748
0.0530445240302
0.0748528721703
0.0661009713321
0.0568023837038
0.0737631887208
0.0353168215819
0.0882374128601
0.0733117163542
0.0739935620419
0.079808622076
0.0892152836725
0.143834011021
0.015791110803
0.0454863400408
0.0400356093051
0.0519980855425
0.0757572791147
0.0673153107048


0.0
0.0881763153721
0.0745677963883
0.137941678914
0.0520738364682
0.0378301803077
0.128072868954
0.162564505952
0.1087149685
0.0692209527889
0.119610394547
0.073858638882
0.0772498997433
0.0527471869426
0.066828738708
0.0823010530639
0.109228614409
0.137894558761
0.067925649313
0.0424354040507
0.104313658588
0.136166420803
0.067449421583
0.102969486821
0.0868652101508
0.0488006853589
0.124226293363
0.0973517284036
0.105398355712
0.0842222322573
0.0267905317891


0.0
0.0349580153528
0.0332457145817
0.0588899777509
0.0615502142271
0.0881283135592
0.0592482136106
0.0232700176219
0.0906129199357
0.0476318625905
0.0572942575013
0.125986266176
0.10637107652
0.0276536777165
0.075102563748
0.116324252576
0.0869323196399
0.111940127391
0.0503671555856
0.0902825976759
0.0715016488602
0.0928251556267
0.0814385300654
0.0567459727242
0.11462825906
0.10379192601
0.0766823475469
0.0468786856215
0.101170365861
0.0533776681228
0.0549419835267


0.0
0.0956432404146
0.121606621274
0.1125784308
0.0789413251021
0.0764550038452
0.0518180381503
0.0862724672063
0.0486532376614
0.0717610789435
0.083165897174
0.0604429443606
0.119265512021
0.0894381104901
0.0386925337191
0.0726383758311
0.0963151172755
0.0806938122529
0.0347183258084
0.149469365246
0.120367028821
0.0342266834574
0.116432906822
0.0217095395301
0.046416493863
0.0736722141286
0.0936004952073
0.0249269927627
0.121780090021
0.0272633118156
0.109794492329


0.0
0.034893603976
0.102536523995
0.071360668212
0.117327542381
0.0894205983967
0.0683465439585
0.120801916022
0.0397525936356
0.0902298812934
0.0810751948034
0.0757521099381
0.0666263452353
0.0872740828307
0.13002246428
0.191023950285
0.172839279649
0.155758902748
0.0403381764078
0.12860329494
0.0785872062715
0.0993472782147
0.151298019723
0.0214313332407
0.09888616365
0.0669232321382
0.0884024308026
0.0532953839527
0.155783605155
0.0602132475339
0.0656785133322


0.0
0.0737333110204
0.158913569072
0.187599576564
0.0991107649927
0.0900619106866
0.0750868383332
0.0897996083286
0.0472576944041
0.0513037020649
0.0695291222143
0.0885110177585
0.0592411033433
0.127853724276
0.074002815948
0.059500738708
0.113650588132
0.102474714849
0.127988299104
0.0673922933226
0.0856656295437
0.094856847061
0.134864301854
0.118891888122
0.0550837066697
0.120293799488
0.193718365239
0.0486978051727
0.109019718131
0.211257778004
0.115825971418


0.0
0.0866124146256
0.0902027261596
0.0437395545365
0.0930241364799
0.0432544002675
0.118665530682
0.0334272567253
0.0851580667661
0.1295187897
0.054047661734
0.102048648208
0.122770971955
0.097303862133
0.120124553347
0.0553788360209
0.0977486135526
0.0102887774791
0.0368955981185
0.0321842354167
0.129349299589
0.0505638752206
0.104304211449
0.049310397701
0.0659171707531
0.0908040769954
0.0537629543409
0.0847676970492
0.0622054694364
0.0606428810095
0.0955509860422


0.0
0.0896759768319
0.0843057121336
0.0421375587231
0.102566948232
0.0993569385223
0.0753119464583
0.0746818274533
0.0443777299663
0.10322156027
0.0749455739511
0.100428577458
0.0600751083486
0.121123885714
0.0502755921987
0.110607971696
0.10579654984
0.0883846078023
0.163414105404
0.0842243033732
0.0338994373483
0.0683452288288
0.0859109504116
0.0698151052471
0.0555117505199
0.12239106183
0.0832545166536
0.0758272898927
0.0883411037967
0.0485412090656
0.0905073807213


0.0
0.147538072494
0.103282141056
0.0873135475059
0.0617298135208
0.0207117812161
0.0800974284807
0.110401667296
0.0894947212339
0.0711857259548
0.0580408598563
0.0792122896178
0.0432397892937
0.0294641010011
0.0302537986799
0.0537323428274
0.0806156721916
0.0587827859831
0.0635701681335
0.0268093562586
0.0854641105137
0.0801593966309
0.114253148739
0.0860824201081
0.0460478699298
0.117664944277
0.0849711077243
0.0586333558639
0.0992865542401
0.0710461266781
0.120591567451


0.0
0.085834169624
0.189186808872
0.120687018521
0.114376479744
0.0896360586251
0.0560322761498
0.053711378263
0.129441008254
0.0972933347746
0.0383759761947
0.0720283693408
0.0908371413062
0.10266435438
0.148679621243
0.0394929209669
0.150293282264
0.0360945985341
0.137678888576
0.0563351961574
0.175184183269
0.0952038335962
0.0524717645206
0.163228000575
0.220534880471
0.160595795151
0.158559439897
0.104523532493
0.0797404271687
0.153813822341
0.0529098591541


0.0
0.107274015813
0.0718114831006
0.0584547287618
0.100866665356
0.0642503498958
0.0900346036982
0.111435148548
0.0898217843606
0.0693278109992
0.0492816534432
0.0285759650726
0.134178967348
0.0853867876682
0.104947321146
0.0794555151963
0.119727386609
0.123798190582
0.0808511593218
0.103093857017
0.097813999227
0.0524715699101
0.154696523401
0.132249713844
0.108889784426
0.134597797725
0.0610354107174
0.089754573588
0.0675944637237
0.105104832469
0.151890208526


0.0
0.0808535847244
0.0590794780591
0.0726130686169
0.0762224190749
0.0647259861612
0.137781414897
0.0756924114237
0.050907716669
0.0989136456281
0.132380996559
0.0543984740329
0.0378334540666
0.143252537078
0.0551161451537
0.0688963286667
0.0484834865275
0.117637681489
0.130444771884
0.0677278402356
0.103677721848
0.0818855134488
0.06649947625
0.0608696692402
0.0998607492354
0.0727207640653
0.106686589945
0.0410209756225
0.0848769677484
0.125497553821
0.125118981815


0.0
0.109094748311
0.0626635560379
0.0706487587618
0.0490966059205
0.0838002823351
0.0545668209244
0.0496853276841
0.0936055352433
0.0809388592868
0.155909314078
0.088796516684
0.0563423598626
0.0780567133865
0.0825650576767
0.0972982562545
0.141388857135
0.137464923847
0.0358528922772
0.107602777076
0.14655821115
0.0482956944503
0.0939087850906
0.0496673070207
0.0754301342253
0.0955364470417
0.144651892763
0.185270115161
0.0696970620287
0.105835449335
0.0946615505692


0.0
0.043306116703
0.103457408988
0.0470457514768
0.12858465494
0.078476455906
0.0839701930186
0.0438854276214
0.0820821358672
0.0852286420097
0.0543047845839
0.104524515742
0.192050615881
0.0340259453652
0.0751969816714
0.0886162384116
0.109937502405
0.127997823962
0.033435072214
0.141026024397
0.0757959903493
0.0614802113077
0.131442340356
0.0757522030175
0.0737786514743
0.121758486884
0.0419448143138
0.0336420664549
0.110800655746
0.0913142585781
0.115701628989


0.0
0.21457522778
0.178280939019
0.0763433775414
0.102016379902
0.0576288765925
0.030785282559
0.0818163620727
0.0771772507162
0.107176448542
0.0603115977896
0.0967596284735
0.0509294295987
0.0901722265944
0.0802249878896
0.0472865249407
0.128034592367
0.117728761998
0.160385052959
0.093833825557
0.0274411344659
0.071688055676
0.104267058703
0.151326091933
0.105844798107
0.135368167193
0.134005183388
0.118074436125
0.105477315674
0.232363323791
0.0409253634494


0.0
0.0548157278917
0.0616505818212
0.11666644953
0.0583167486127
0.028638639928
0.0987254408978
0.112874409001
0.0331779027446
0.0695203784788
0.105229156767
0.0968512131429
0.058924815182
0.109245672484
0.0761390314189
0.0564516678218
0.110273507546
0.0602083645986
0.0810356130875
0.125740410833
0.0417153956697
0.121515705377
0.103934755447
0.056617543409
0.0593835509012
0.113968835922
0.0763621102197
0.0805251969685
0.0909066982715
0.0947099887344
0.0793649525213


0.0
0.120094711143
0.0655385771432
0.0861684930276
0.0918030214044
0.118086257347
0.0578840982614
0.0936246377177
0.0939462404444
0.0793701133864
0.045265962424
0.135654872935
0.0495336155199
0.111783880222
0.0368172603125
0.0957556131577
0.127416806767
0.0916604498146
0.09723416301
0.0696108130206
0.0870435927709
0.0672120147958
0.0502733072577
0.0850784253108
0.0980933142022
0.127080391919
0.0382952536751
0.0500705146112
0.136070028479
0.111887406057
0.0963615693827


0.0
0.0826645195828
0.10931589333
0.144345808276
0.150509834745
0.145023027945
0.136171971057
0.161492735376
0.122215370101
0.11265166982
0.123152581546
0.169758454769
0.102808981071
0.0970592962219
0.121471997059
0.0719268949754
0.155184962674
0.120453386617
0.146106782477
0.102639155849
0.10532817296
0.0743681139149
0.18937797085
0.0907404420619
0.135081839626
0.144785886443
0.0674752277247
0.0686250922647
0.0867219581242
0.105969519771
0.0833662932031


0.0
0.0978874588167
0.0690652628364
0.103030488664
0.125190810316
0.0593952260064
0.0994915508596
0.0754262309822
0.0970852686298
0.0645883839929
0.138999179257
0.159010891573
0.0671001339461
0.0517221862951
0.130060645598
0.0496812208407
0.0879488945686
0.134807719966
0.0834834215462
0.0511726005672
0.120686243616
0.07103172445
0.164319333267
0.110906944168
0.0287343667738
0.178560194597
0.0831231154093
0.0725430501157
0.130010503796
0.143910945963
0.12263925932


0.0
0.0728548103371
0.106297187626
0.0715229510938
0.0503085996632
0.0404033223206
0.0327536990707
0.0187191918839
0.0605063966774
0.116830459263
0.0883474227182
0.0447213085548
0.0923004248284
0.077178560836
0.0520246008034
0.1524305189
0.102843313882
0.0234472230965
0.0413358483895
0.141201216764
0.105700501319
0.041120143851
0.0783887273852
0.0888783004626
0.0464458730946
0.0375444741515
0.0844746975287
0.101848145942
0.0496582748463
0.201843388057
0.0468154968042


0.0
0.173184959246
0.104366784681
0.185221930327
0.115304932712
0.0508886485723
0.0545441676608
0.0944111287349
0.0238702592714
0.0861121952183
0.0520541222003
0.0827992916583
0.0639625851827
0.150149325733
0.077789075504
0.046227689154
0.0544799690784
0.00819997982447
0.0611812150983
0.0521692238289
0.053116429104
0.0634723184744
0.0720938891805
0.0553810090206
0.0637320184668
0.0852933575567
0.115887525395
0.0850186302617
0.065720114655
0.0393983117274
0.0781242873089


0.0
0.074102213465
0.133228882954
0.11427203725
0.0840561003819
0.037176746264
0.150654587939
0.0745259171978
0.0990839953915
0.0533692403192
0.0490111047098
0.0392625246455
0.0871841440385
0.0556727110365
0.0764649038345
0.0644392390054
0.0253248477639
0.066484025059
0.050887356104
0.124959472978
0.14335482829
0.0672892131304
0.146988791177
0.162595797007
0.102514675886
0.0567898365506
0.11986730928
0.0808983334101
0.137916023507
0.106621936956
0.125949720531


0.0
0.0255868579674
0.0624930344096
0.157568236707
0.0636000426657
0.0773715640134
0.0260531728241
0.086626216168
0.0646608515085
0.107179163258
0.0568852435756
0.0779745110741
0.0871423439176
0.120045019173
0.0981231276024
0.0994425898133
0.0472026169165
0.0827330584936
0.095327205872
0.0616753396292
0.0794381389864
0.0501655411664
0.0423477669265
0.105319095684
0.0581876189123
0.0493901511422
0.0635017600104
0.0316143731234
0.0826715602179
0.0573484501529
0.0569669342682


0.0
0.0485977680787
0.103136106116
0.0573948483453
0.0133457926585
0.129547006961
0.073358937944
0.0345170028895
0.0498055255851
0.115982776223
0.0630650435698
0.11196345589
0.105772876488
0.0760514000044
0.0819014004314
0.0976562039821
0.0515382323417
0.055360906699
0.070746772239
0.101310684606
0.112079850758
0.126035523163
0.0743231243951
0.081688458037
0.0433957851555
0.0766752018953
0.0652114182024
0.110878109457
0.0562321038839
0.0524760478276
0.124097116219


0.0
0.0801117166649
0.172866357288
0.0959247931126
0.0313765553911
0.0560614633694
0.0518880889974
0.08870139554
0.047222612411
0.064540644409
0.109164144862
0.120937748524
0.0391501563996
0.150168465687
0.0364169883548
0.0994256167431
0.0279867868813
0.0993090313556
0.0694399015466
0.0434691797017
0.131033150423
0.0647463934237
0.067341722525
0.095592210606
0.0935789169765
0.0677091020698
0.0650125456856
0.0994701591779
0.0999881845792
0.0922431582678
0.135327237815


0.0
0.0695392692193
0.0108848620352
0.0278839880137
0.0793106279672
0.10373084981
0.037419099826
0.0641056860244
0.0518140600754
0.023142148635
0.0535301040347
0.191162570206
0.0682910687973
0.0436728173246
0.0522820476968
0.0592707884492
0.0833378678128
0.0381151013045
0.0787068048099
0.0697006046438
0.0497435778349
0.0372064537623
0.118580144442
0.133366733201
0.0587083754854
0.0867773205058
0.0827858661017
0.087507562113
0.117092033203
0.0378260139317
0.093324189031


0.0
0.0392625843681
0.034625636525
0.0787178683597
0.0704095416446
0.0724493807972
0.0621365884197
0.0363305751937
0.115992481791
0.0937070330891
0.0666650961109
0.0666585626442
0.0982698049141
0.0859832092648
0.0286226737798
0.0746077557455
0.0253765437937
0.175189949943
0.0448285683684
0.114114364256
0.118167481927
0.0748226043041
0.0221112024752
0.0921548137354
0.0320389151789
0.0838835503839
0.058139722515
0.0608099192328
0.0463686020953
0.122614969993
0.0785144322153


0.0
0.0547139777533
0.0867327035683
0.107640770972
0.0629981261823
0.0669157657646
0.0805170199793
0.103881908093
0.0722601350785
0.0942835913457
0.0416007210009
0.0836558878112
0.0539608363203
0.0798350191028
0.0794157142146
0.0615575141219
0.0475899920724
0.153337244853
0.0489474241743
0.0552509738215
0.0466536828597
0.0910272797347
0.0789179040013
0.0375993076219
0.103773355129
0.146246108009
0.0732787786554
0.116262142007
0.0914327828407
0.0323391899364
0.0609464854669


0.0
0.00275099472969
0.125510039881
0.157672467667
0.0620773430326
0.0772236769531
0.111305674677
0.0693840235441
0.0965516688722
0.115414095393
0.0732546224674
0.0782028505824
0.120206506696
0.0561894260889
0.0288227787461
0.0532785175511
0.107950321885
0.0785461022996
0.164668658279
0.0725976198086
0.0829042835731
0.0575564485271
0.0401949275308
0.0624637036068
0.058012359829
0.0970554385496
0.0362940779808
0.141496518754
0.0772894200889
0.0901265254901
0.157139656073


0.0
0.0692690353212
0.0681235144031
0.0526012356698
0.108220695325
0.0755592760124
0.0459872903274
0.112468878614
0.116380088067
0.108326470702
0.108201625618
0.0632129532876
0.0851962527942
0.140682726578
0.0725168259322
0.0774732017737
0.182635844663
0.0914326173798
0.0509574686809
0.105596737459
0.0627920314442
0.0561267577405
0.132157590063
0.0878120538296
0.0692338437608
0.0483985033699
0.083635607142
0.0877913789066
0.0334398487123
0.0618526325956
0.150381494138


0.0
0.066712902736
0.0157162007161
0.0365481028326
0.0843138439638
0.109029873417
0.104531533367
0.102204661395
0.079039354626
0.0748485260257
0.0473249813453
0.112989300215
0.0802216930152
0.0075614377301
0.141342404538
0.057871279251
0.162923929117
0.0660539886621
0.076365098379
0.0698312388508
0.107005859163
0.0534306817899
0.0216688624112
0.024602099401
0.0881437885237
0.139382654624
0.116294815469
0.114458538827
0.118031464977
0.0538606424558
0.10392477455


0.0
0.174525821959
0.103995177644
0.124532252921
0.0587581787871
0.0382423107856
0.116273764631
0.115806219497
0.058389336306
0.0519189305321
0.109972299011
0.083500515569
0.0695563424151
0.0653276909996
0.0639081629165
0.123773990972
0.018021688384
0.12920019366
0.08208226142
0.110999535781
0.124840496314
0.182947605068
0.120870317047
0.149480227024
0.160086245271
0.141863427183
0.0334556551302
0.136653607318
0.106591731883
0.0984336937727
0.0384594898355


0.0
0.150172348312
0.0700496163647
0.0578097598798
0.127051710264
0.113459843523
0.163853363232
0.0882714368014
0.0874350719729
0.129934179088
0.0388401199224
0.0779330363744
0.0857041004503
0.131911981363
0.0691634293558
0.0660945616509
0.118947002619
0.116486157575
0.106460540357
0.0404672414666
0.137400081883
0.0197405445074
0.0972718189135
0.108459375295
0.0552064864918
0.0748211939204
0.176450105034
0.0590898486106
0.0429212748231
0.0981461123122
0.115868753094


0.0
0.0895511636977
0.0191386486426
0.0990007521979
0.0270896318373
0.109508056477
0.100065463683
0.155854899016
0.037839280601
0.0691791178147
0.0999824631768
0.0506738910776
0.118166938857
0.0808344507739
0.0531697120605
0.0621551036595
0.134749982931
0.113224500007
0.135420659277
0.0708295914903
0.104964946589
0.115082806721
0.00526291644125
0.0444016369915
0.0954387522835
0.0747884888981
0.0388090254534
0.113153396738
0.0622753102455
0.0659739566762
0.0687855718741


0.0
0.0584856758748
0.0493294292388
0.0679471850296
0.0417733323874
0.050135461873
0.0608601920248
0.12043531863
0.048508607824
0.111909414948
0.10313062152
0.0494807635429
0.049534612203
0.0395230086164
0.0758303979256
0.0573588650648
0.0673070697835
0.100209987664
0.115579233425
0.0818882823903
0.108583483131
0.0673082788148
0.0457233797758
0.0882412534855
0.07673123789
0.0548634036815
0.0834896858508
0.0605550560895
0.0804451048712
0.0828987602028
0.146968737658


0.0
0.0615026478464
0.0881272613314
0.13630514167
0.0485451210616
0.0452961245098
0.0655940143911
0.077110706157
0.0332102134028
0.141647727072
0.0668278094452
0.0280278229773
0.0746404608
0.0756118563524
0.117582408493
0.179907369082
0.0964893373021
0.0954975799952
0.111799249109
0.0928768715479
0.0745556599616
0.116109908972
0.0693230480552
0.051792188423
0.130677623214
0.129529128608
0.06128122545
0.0591201827682
0.0487699423884
0.100470168734
0.10220504381


0.0
0.11357952244
0.0702281505354
0.0512401365214
0.0515733179529
0.0547413141221
0.0243640212978
0.0317664082582
0.0834431588733
0.056232136446
0.0685677154442
0.0614819498491
0.0679655508113
0.0983026344164
0.13720630603
0.0755424564161
0.0600223349756
0.109078600115
0.0951852565383
0.0368629757125
0.0781217305538
0.124278372358
0.0946030200398
0.0858658647013
0.0701290841712
0.067709643028
0.0598670571741
0.162539596894
0.0386022290388
0.0791742435156
0.0785134446206


0.0
0.059094445605
0.0340119793218
0.0603390350348
0.0544925106127
0.0573840903057
0.0558599025199
0.0581683727859
0.0593311200937
0.0600779744323
0.131884515412
0.0809146452329
0.142989105246
0.108785254829
0.125715944556
0.0587214031485
0.0955917766491
0.0873884001624
0.0892696161242
0.0275773631689
0.0985510638074
0.141384035201
0.0750241866963
0.105459072934
0.10869578513
0.1353448998
0.154569166705
0.0779926380938
0.0812929057002
0.110333307727
0.104298863807


0.0
0.0576890042237
0.146550642027
0.0595535302521
0.115326331086
0.0436399730567
0.093760025623
0.0882024249634
0.11141066982
0.0638111232385
0.0451450172496
0.0721940292649
0.0477686881269
0.0697675878454
0.029982136463
0.0802609260179
0.0473219511609
0.119299501367
0.087863847223
0.0295176554694
0.0957177523325
0.0419005148699
0.128375637232
0.102412148898
0.124227585236
0.100626646556
0.100998370614
0.045589379132
0.072686651721
0.110095897351
0.0574581743618


0.0
0.116350848547
0.1016069397
0.0556489933558
0.0827560588089
0.0492319095037
0.0758303827288
0.0898855770643
0.0545422256435
0.0332830291264
0.104367071168
0.104807764475
0.0789792176751
0.0708360224404
0.186048350171
0.145807035
0.0819364018464
0.0403115554192
0.0473449947518
0.0558805732344
0.0669346485068
0.0634541856914
0.064676434493
0.0534209641937
0.0678132995624
0.0530342572856
0.0653415242773
0.107557492116
0.145811130125
0.0838556350563
0.102976796787


0.0
0.120289423605
0.0759478726696
0.0581414931661
0.144440940147
0.097647219512
0.0571171620488
0.0538779050728
0.123246032755
0.139350640563
0.0666002317684
0.107238570469
0.12037049141
0.0524481350647
0.0413067286647
0.0745415817253
0.0429070701078
0.114239012209
0.100363453096
0.0883770273265
0.103545471581
0.0532145275966
0.0671661058323
0.0798454901631
0.129663917149
0.0973942173817
0.124301262191
0.0772030067232
0.0572761576037
0.120652986845
0.0781225934061


0.0
0.0754557299983
0.11411570053
0.112447033684
0.120009479445
0.0827204272666
0.0487691262978
0.0597430268353
0.0607586688214
0.0323666703113
0.103869257155
0.0412198112947
0.0362383499738
0.0650779111058
0.0701261171611
0.0361311868029
0.078698368869
0.0294559927518
0.10528558524
0.0734754491002
0.0620388735165
0.0303032436021
0.042185305692
0.060518827317
0.0771363328475
0.0578397061231
0.052402848663
0.0537483247814
0.104018201969
0.0797846492937
0.086824066859


0.0
0.172588888275
0.0714624568905
0.0396860735037
0.0833915984131
0.0728400143618
0.0360577429645
0.144644140325
0.100439440834
0.0500508383146
0.0603469656489
0.0348881901493
0.0667981076644
0.0362160805077
0.134470652286
0.102789970462
0.0737544999496
0.0477687828801
0.0462064030196
0.160958920267
0.0894028298344
0.0793270593973
0.0639850922998
0.0844954794926
0.0470965214951
0.211747753476
0.0385811459187
0.0635475355778
0.0799862621717
0.0662197898402
0.162929938513


0.0
0.0633539308632
0.0527801173093
0.0561056232877
0.140916879155
0.0638957262034
0.0810297144277
0.115170094313
0.121213017394
0.0732214332721
0.0935092759032
0.103720381206
0.0602502655438
0.109067200282
0.0558303140139
0.133276816776
0.128784110176
0.0602023016426
0.068493262786
0.110386132173
0.106378292788
0.0484033742005
0.0609972390367
0.132299297971
0.0390389555402
0.0913768763474
0.0436029395943
0.0622290351922
0.103650781269
0.103747414801
0.0644524474696


0.0
0.0749839226412
0.0787733753566
0.126805831006
0.0431703917414
0.103005336619
0.0781825398659
0.130572802326
0.0404034379516
0.0730971603003
0.0583590963098
0.108578148217
0.0371896533744
0.0784276068101
0.0967363627765
0.0460724189484
0.0686763591453
0.0766708588168
0.0396464658207
0.0647059022066
0.0718027141747
0.028979474468
0.0550103657783
0.125141017451
0.0279961343767
0.0816816446099
0.145479956535
0.0314110203156
0.0846635335948
0.0495629059198
0.0612608214228