35 1.4 1.15033341467 17.4721390496 0.279076640078
35 1.4 1.14586889089 17.4492982262 0.305892279162
35 1.4 1.12517494987 17.4578296814 0.313461952783
35 1.4 1.18085223968 17.4584237129 0.303404936686
35 1.4 1.18120952358 17.4600697808 0.308324275602
35 1.4 1.12794772918 17.4498123364 0.309652678542
35 1.4 1.14319543365 17.4555306597 0.319462933289
35 1.4 1.05558953015 17.4362115486 0.285843756039
35 1.4 1.07060927364 17.4497326745 0.289039679997
35 1.4 1.23842656918 17.4458223849 0.285572283052
35 1.4 1.15587432995 17.4624430339 0.308589579945
35 1.4 1.11836890991 17.4683722019 0.313245690445
35 1.4 1.18523993558 17.4577048042 0.326013129309
35 1.4 1.14798998132 17.4703967245 0.311932181822
35 1.4 1.01762103731 17.4687549178 0.321114391273
35 1.4 1.19662734476 17.4501390567 0.289532357955
35 1.4 1.10130541939 17.4744299296 0.299866047208
35 1.4 1.05386112426 17.4706006745 0.298815575912
35 1.4 1.23881592836 17.4587655076 0.294725648524
35 1.4 1.15165473993 17.4492247402 0.281057562208
35 1.4 1.09824326399 17.4675782816 0.290331814869
35 1.4 1.13930823125 17.4687640096 0.286034884866
35 1.4 1.08837811803 17.4509737565 0.327960949086
35 1.4 1.14971711545 17.4668985967 0.278104757177
35 1.4 1.1681873452 17.4713362739 0.270760195001
35 1.4 1.10957501439 17.4489366097 0.29776000086
35 1.4 0.978092907582 17.4631396613 0.31247359505
35 1.4 1.07041990728 17.4562238671 0.291340155298
35 1.4 1.11666360053 17.4716393082 0.301903925711
35 1.4 1.1586831596 17.4554041754 0.293950013922
35 1.4 1.12580001385 17.4462123417 0.277568717566
35 1.4 1.04368937663 17.4493904512 0.284887453792
35 1.4 1.10054482998 17.4623904171 0.300669803888
35 1.4 1.1826671031 17.4641263822 0.278621227488
35 1.4 1.09207878 17.4520848692 0.287199861586
35 1.4 1.08930489122 17.4553641486 0.341557555496
35 1.4 1.17856945064 17.4587494316 0.29829404165
35 1.4 1.13493638045 17.441533932 0.290531997455
35 1.4 1.17489233007 17.455723815 0.297373499236
35 1.4 1.08446884665 17.4444931195 0.320027585318
35 1.4 1.12281671049 17.4604736641 0.309193876925
35 1.4 1.11668014316 17.4644796101 0.293210388703
35 1.4 1.06443382733 17.4446305011 0.276432055419
35 1.4 1.09507212616 17.4635667647 0.291338143377
35 1.4 1.16804668178 17.4775425211 0.302099378946
35 1.4 1.0756759817 17.4637975666 0.283399538503
35 1.4 1.14614791078 17.4543229375 0.313810937009
35 1.4 1.08145776437 17.4564184359 0.30523252682
35 1.4 1.15662576648 17.4674942552 0.323932407606
35 1.4 1.24077113349 17.4560372276 0.292411067776
35 1.4 1.00786444517 17.4520281039 0.288000655836
35 1.4 1.27536273332 17.455077865 0.298650154756
35 1.4 1.10272382695 17.4597195249 0.293807332909
35 1.4 1.1446497652 17.4507966857 0.306991583853
35 1.4 1.1212448 17.4746721812 0.297850428905
35 1.4 1.0174862579 17.4573064181 0.294407344659
35 1.4 1.15602695551 17.4574397655 0.324038178958
35 1.4 1.13703346102 17.4535911098 0.290144904848
35 1.4 0.998909166961 17.4774907288 0.311967713665
35 1.4 1.20369071984 17.4507103965 0.308675025975
35 1.4 0.989319722833 17.4517753602 0.285143331402
35 1.4 0.982587866752 17.4504100772 0.29686967941
35 1.4 0.92016961312 17.4645955539 0.298252757943
35 1.4 1.16834556111 17.4353009209 0.303171447903
35 1.4 1.18297851802 17.4745536544 0.304117411876
35 1.4 1.09483422591 17.450555327 0.277010937121
35 1.4 1.06763953632 17.4552958776 0.288013420385
35 1.4 1.21496363899 17.4608598325 0.315332920727
35 1.4 1.23778506428 17.464788569 0.289201906085
35 1.4 1.19813199031 17.4596130337 0.297950708471
35 1.4 1.05911867824 17.4650865585 0.292555659342
35 1.4 1.12283419876 17.4574225239 0.304531074057
35 1.4 1.16888559448 17.4694142687 0.314895867261
35 1.4 1.13849528671 17.4396299846 0.292022349352
35 1.4 1.06713816101 17.4755531332 0.291507654601
35 1.4 1.11029034945 17.4622523036 0.29220236983
35 1.4 1.17390818201 17.4711889353 0.2982002591
35 1.4 0.977562829878 17.462722651 0.302742123689
35 1.4 1.06748201578 17.4575390999 0.315708286402
35 1.4 1.06753808954 17.468054273 0.313933746871
35 1.4 1.11824901752 17.4548931262 0.291729049975
35 1.4 1.22155365501 17.4510275064 0.302924957538
35 1.4 1.2166974898 17.4774135759 0.279297846955
35 1.4 1.14143385829 17.4433567027 0.302106138869
35 1.4 1.18727180455 17.4576471601 0.318077129044
35 1.4 1.15616949825 17.4649929069 0.309684750406
35 1.4 1.25672499839 17.463087281 0.307517036951
35 1.4 1.09892204995 17.4669233467 0.298281768068
35 1.4 1.10972824578 17.4606548138 0.293738489286
35 1.4 1.17880492526 17.4694271787 0.327160105009
35 1.4 1.21209784545 17.4631141213 0.312118942024
35 1.4 1.25552657037 17.4471637357 0.330598105419
35 1.4 1.15772988162 17.4523855869 0.297455226641
35 1.4 1.04564268615 17.4591580741 0.290786597575
35 1.4 1.0436799702 17.4533716567 0.285254159077
35 1.4 1.18511500145 17.4482778054 0.286880736442
35 1.4 1.04583355632 17.4595938897 0.304027888198
35 1.4 1.18919426139 17.4596621534 0.303703930245
35 1.4 1.14028973265 17.4681576918 0.287559602575
35 1.4 1.18586707752 17.4516074965 0.288647542633
