35 2.0 1.57676563862 8.84944144973e-05 0.0492603698711
35 2.0 1.67215303259 8.21857007676e-05 0.0553299374114
35 2.0 1.48976789035 8.36695536531e-05 0.047335618566
35 2.0 1.55624265998 8.70547636312e-05 0.0432185852389
35 2.0 1.68749909758 8.2272410679e-05 0.0480525929566
35 2.0 1.45951842058 7.80586961308e-05 0.0476149181893
35 2.0 1.62688856119 8.81177688624e-05 0.0559074796777
35 2.0 1.41978299509 8.2077980899e-05 0.047380180344
35 2.0 1.45699754593 9.1475395114e-05 0.0512582850404
35 2.0 1.68516092533 8.48347338631e-05 0.0488240946499
35 2.0 1.63425424468 8.83004725221e-05 0.0527709745943
35 2.0 1.64551169343 8.39077994553e-05 0.0561095467896
35 2.0 1.63574162656 8.58562439171e-05 0.062223716155
35 2.0 1.61050141336 8.22205775793e-05 0.0468511112145
35 2.0 1.4980230727 8.48142614306e-05 0.0448176775441
35 2.0 1.70413959765 8.93107481255e-05 0.0636860528339
35 2.0 1.63134088636 8.82306964891e-05 0.0487188840217
35 2.0 1.53928812506 9.00299585457e-05 0.0483765354249
35 2.0 1.48963686712 8.74771606257e-05 0.0490382045699
35 2.0 1.62131467119 8.72056009427e-05 0.0475281201595
35 2.0 1.70430369658 8.69479103447e-05 0.0535241001959
35 2.0 1.86134226135 8.35777837176e-05 0.0591503764932
35 2.0 1.58370352347 9.15037538487e-05 0.0527457614295
35 2.0 1.78509671374 8.49592906126e-05 0.0669997032417
35 2.0 1.57941113317 8.40684468313e-05 0.0451470546616
35 2.0 1.67670251231 8.44075203448e-05 0.0548097955616
35 2.0 1.83654277146 8.57372032135e-05 0.0642745889327
35 2.0 1.59709165894 8.72317414855e-05 0.0564642827783
35 2.0 1.64746349464 8.69282003422e-05 0.0616832013989
35 2.0 1.63632563932 8.7734290717e-05 0.0473232750619
35 2.0 1.55392697528 8.45279283818e-05 0.0482529470469
35 2.0 1.52150496875 8.32432374339e-05 0.0463166649083
35 2.0 1.6917863215 8.47895239586e-05 0.0537868524559
35 2.0 1.49547068793 8.36594700158e-05 0.0502662216456
35 2.0 1.49635024946 8.25449557826e-05 0.0449208068854
35 2.0 1.37561149304 8.27369803412e-05 0.0385588413566
35 2.0 1.51875422514 8.96944560894e-05 0.0487823724897
35 2.0 1.54723215868 8.47992572356e-05 0.0595438815613
35 2.0 1.5358762171 9.19423365101e-05 0.0701902507466
35 2.0 1.56340477029 8.47074320887e-05 0.0511545541299
35 2.0 1.52948790831 9.20812687163e-05 0.0474073683961
35 2.0 1.56557856524 7.95270222692e-05 0.0453183295839
35 2.0 1.68260178773 8.42425451397e-05 0.0597085516338
35 2.0 1.69046599713 8.18691372304e-05 0.0606131330912
35 2.0 1.65611590567 8.77966943398e-05 0.0528597680847
35 2.0 1.56053731738 8.70032950903e-05 0.0698578404394
35 2.0 1.58701881355 8.51565182294e-05 0.0476241180543
35 2.0 1.54206452683 8.28395589097e-05 0.0482552185743
35 2.0 1.67266008023 8.43238612252e-05 0.052079946843
35 2.0 1.73863337191 8.42635968677e-05 0.0639805244908
35 2.0 1.56989530645 8.39872667678e-05 0.0452012598833
35 2.0 1.75673322948 8.27008025777e-05 0.0519383495717
35 2.0 1.38522909052 8.22426697781e-05 0.0400031819778
35 2.0 1.51487084229 8.30295822802e-05 0.0487085908655
35 2.0 1.53755684562 8.54237887196e-05 0.0429359611192
35 2.0 1.70378602191 8.63856875547e-05 0.0484021670007
35 2.0 1.56231384971 8.73975420385e-05 0.0501336824056
35 2.0 1.60597527807 8.64931158325e-05 0.0542230215115
35 2.0 1.83901107405 8.56324679713e-05 0.0559181113254
35 2.0 1.45256806538 9.15148643705e-05 0.0480015490691
35 2.0 1.62875438864 8.32013042375e-05 0.0573240620215
35 2.0 1.55614091789 7.93289686014e-05 0.0542203149927
35 2.0 1.79791751367 8.63679614467e-05 0.0525438363896
35 2.0 1.47869693736 8.65193310465e-05 0.0430244753794
35 2.0 1.59843961582 8.74524409129e-05 0.0482893195039
35 2.0 1.5527667951 9.10310325318e-05 0.0475294519757
35 2.0 1.44538679115 8.50726448743e-05 0.0449855002795
35 2.0 1.5553175416 8.34204997596e-05 0.0466885456579
35 2.0 1.35329710748 8.47913313851e-05 0.0416577851469
35 2.0 1.61707653556 8.90265962634e-05 0.0503190653107
35 2.0 1.66419807458 8.51808044064e-05 0.0515063789396
35 2.0 1.79307285255 8.1260086447e-05 0.0487181391234
35 2.0 1.62494684604 8.67374449829e-05 0.0464910382621
35 2.0 1.52939123191 8.80938398859e-05 0.0496417061628
35 2.0 1.66724889309 8.06121355014e-05 0.0610581796838
35 2.0 1.50885064777 8.68144203649e-05 0.0476760223416
35 2.0 1.71297469316 8.32685193417e-05 0.0504846263734
35 2.0 1.42689252832 8.36413737072e-05 0.0429217121636
35 2.0 1.67466603474 8.74500204779e-05 0.0501293466354
35 2.0 1.4215037641 8.660118408e-05 0.0570540448962
35 2.0 1.6096220545 8.84476866451e-05 0.0501511634474
35 2.0 1.59338581319 8.85736984461e-05 0.0505710058387
35 2.0 1.46012636385 8.47338797998e-05 0.0445433421156
35 2.0 1.67909542652 8.23960443948e-05 0.0496743887681
35 2.0 1.613376236 8.72520945681e-05 0.0521283844462
35 2.0 1.53756352596 8.30529665378e-05 0.0624648444733
35 2.0 1.57956667295 8.49835512201e-05 0.0462925679888
35 2.0 1.51124667816 8.6968782637e-05 0.0467233537094
35 2.0 1.71235246492 8.70594683357e-05 0.0559415677681
35 2.0 1.48719161046 8.45917524338e-05 0.0519510697678
35 2.0 1.4906226698 8.29975639914e-05 0.0435074243709
35 2.0 1.6230359145 8.58660349444e-05 0.050023417651
35 2.0 1.53075505866 8.67666980186e-05 0.0478598890242
35 2.0 1.69386566378 8.80849672792e-05 0.0536985415334
35 2.0 1.54091913583 8.38444503808e-05 0.0569091894673
35 2.0 1.54176434428 8.53087963317e-05 0.0565682105328
35 2.0 1.55180065913 9.22311532437e-05 0.0410553157635
35 2.0 1.56004602461 8.70531754674e-05 0.0499771241661
35 2.0 1.45516695279 8.91991232469e-05 0.0599826868537
35 2.0 1.55552694152 8.53505842566e-05 0.0473355611055
