0.0 -0.0 8.35
0.24 2.4 8.41
7.67 2.41 8.35
7.25 -0.0 8.25
0.0 0.0 0.0
0.2 0.79 1.66
0.33 1.16 2.47
0.44 1.43 3.11
0.53 1.63 3.61
0.61 1.78 4.05
0.67 1.9 4.42
0.74 2.0 4.78
0.79 2.04 5.08
0.82 2.12 5.36
0.85 2.13 5.65
0.9 2.15 5.87
0.93 2.13 6.11
0.96 2.13 6.34
1.0 2.08 6.55
1.02 2.04 6.76
1.01 1.96 6.96
1.01 1.89 7.13
1.05 1.81 7.31
1.07 1.69 7.46
1.03 1.59 7.59
1.04 1.47 7.76
1.05 1.32 7.88
1.05 1.18 8.03
1.05 1.04 8.13
1.06 0.88 8.24
1.04 0.72 8.33
1.04 0.55 8.43
1.04 0.36 8.5
1.03 0.17 8.6
1.03 -0.02 8.67
