107.061707093 239.490217867
52.1171918802 116.58283785
41.1108020943 91.9622451158
31.9304905097 71.4264729787
27.2336327037 60.9199013035
22.9050429814 51.2371218692
21.6403139244 48.4080035445
18.2401801013 40.8021208048
16.7125369718 37.3848804502
16.6904850388 37.3355516811
13.5336604705 30.2739362431
14.0334973306 31.3920394545
13.2607276102 29.6634028231
12.7564853368 28.5354449828
12.5029233992 27.9682430827
12.2874412195 27.486223175
10.6612435183 23.8485225227
11.6998460169 26.1718101426
11.1926555758 25.0372574391
9.55430471028 21.3723709321
12.3018639756 27.5184859617
11.2721449482 25.2150701007
11.8211759849 26.4432175512
9.83895565389 22.0091169579
11.2883895129 25.251408157
10.7802162968 24.1146570484
11.5946449973 25.9364821641
11.6208460855 25.9950923292
12.5420596372 28.0557883539
11.9212859737 26.667157218
