0.0 0.0 7.95
-0.0 2.44 7.95
7.32 2.44 7.93
7.32 -0.0 7.93
0.0 0.0 0.0
0.22 0.82 1.53
0.3 1.19 2.39
0.36 1.51 2.95
0.4 1.65 3.47
0.48 1.81 3.94
0.45 1.99 4.36
0.61 2.04 4.54
0.57 2.11 4.91
0.55 2.18 5.14
0.64 2.19 5.4
0.75 2.26 5.68
0.77 2.19 5.86
0.72 2.18 6.13
0.93 2.09 6.25
0.74 2.07 6.38
0.82 2.0 6.64
0.8 2.01 6.74
0.86 1.76 6.92
0.91 1.8 7.11
0.87 1.62 7.24
0.87 1.5 7.35
0.99 1.31 7.44
0.88 1.22 7.59
1.03 1.14 7.7
0.98 0.85 7.82
0.98 0.65 7.87
0.96 0.52 8.1
1.13 0.37 8.14
1.07 0.18 8.22
0.99 -0.02 8.19
