101.526994984 227.109419495
54.3082402502 121.484073462
37.5315168038 83.9556119571
31.5278293323 70.5257455782
28.8784596509 64.5992743924
26.4970303421 59.2721687496
14.0999552654 31.5407016206
22.2344255004 49.7369932891
14.2032846928 31.7718429665
16.0192775176 35.8341032186
17.5355328458 39.2258697872
11.6177738942 25.988220033
15.4663114836 34.5971534301
15.2218457488 34.0502991563
13.7013072035 30.6489513039
15.9330122089 35.6411332191
5.98561596569 13.3894415717
18.1631870278 40.6298922045
11.7018484335 26.176289421
13.4601786914 30.1095621847
9.61562684206 21.5095446341
13.7968927195 30.8627700136
11.7456685358 26.274312198
12.1449774171 27.1675407256
17.9843297304 40.2297998253
12.1114716801 27.0925905264
15.4632167399 34.5902306856
13.129495851 29.3698457385
12.6240594313 28.2392166689
12.3315754057 27.584948538
