35 1.0 0.764550684906 8.77391226778e-05 0.0239674104169
35 1.0 0.805275050946 8.77364503083e-05 0.0254915907877
35 1.0 0.756516166486 8.18626180341e-05 0.0289742475766
35 1.0 0.769494111396 8.44667915364e-05 0.0244381398773
35 1.0 0.858224937812 8.58079800106e-05 0.0275222706852
35 1.0 0.791936491027 8.95362705991e-05 0.0307273975543
35 1.0 0.850274860272 8.5856792115e-05 0.0257721087371
35 1.0 0.749053488759 8.93144065028e-05 0.0243527649724
35 1.0 0.869009947583 8.49800790125e-05 0.0290097990041
35 1.0 0.912425500133 8.87855700696e-05 0.0285064023152
35 1.0 0.818806079205 8.43418926672e-05 0.0274168687375
35 1.0 0.781111440525 8.8262938209e-05 0.0238678623511
35 1.0 0.826955743241 8.52748469288e-05 0.0299743194558
35 1.0 0.742820489787 8.44027396048e-05 0.0256477457563
35 1.0 0.818052235363 8.59245079611e-05 0.0385276779182
35 1.0 0.819284365321 8.75104165934e-05 0.0257549108401
35 1.0 0.857809211666 8.60491954971e-05 0.0261320741747
35 1.0 0.847122693489 7.85582609576e-05 0.0247121988919
35 1.0 0.917107825562 8.91836931898e-05 0.0320734368325
35 1.0 0.742005571434 8.0632913722e-05 0.0229848519915
35 1.0 0.850283458963 8.70132156174e-05 0.0286603246148
35 1.0 0.808621683505 8.48811507744e-05 0.0250519346101
35 1.0 0.848124806299 8.36254418526e-05 0.0219653677925
35 1.0 0.873211505487 8.44370436801e-05 0.0306966710404
35 1.0 0.823604544945 8.67036679671e-05 0.0250820364753
35 1.0 0.791749074001 8.39125506005e-05 0.0271049201841
35 1.0 0.753576610512 8.46021536551e-05 0.0239817630581
35 1.0 0.853551775463 9.03644831181e-05 0.0255873831607
35 1.0 0.81559815528 8.90701370484e-05 0.0229799698531
35 1.0 0.825034621996 8.73249578911e-05 0.0280505821166
35 1.0 0.740607925974 8.67794984374e-05 0.0215192201272
35 1.0 0.763063079525 8.3535987507e-05 0.0246673971138
35 1.0 0.704759863101 8.4305578108e-05 0.0205795193867
35 1.0 0.804873476315 8.78629959387e-05 0.0236483510976
35 1.0 0.844881843391 8.56370584872e-05 0.02568007913
35 1.0 0.697601900516 8.55647065448e-05 0.0215199535283
35 1.0 0.795472381503 8.55534429232e-05 0.02743872374
35 1.0 0.832674081191 8.51455692626e-05 0.0257725990731
35 1.0 0.771260106064 8.46114122689e-05 0.0252025044302
35 1.0 0.782971990694 8.47807695126e-05 0.0280195476584
35 1.0 0.736873225205 8.67686993513e-05 0.0235974636834
35 1.0 0.851183258313 8.8368172915e-05 0.0291252638204
35 1.0 0.770630062099 8.65693692911e-05 0.0255498988735
35 1.0 0.78079262056 8.18082347169e-05 0.0259563763131
35 1.0 0.783640061855 8.92575269533e-05 0.0228304108113
35 1.0 0.925905592611 8.69548444569e-05 0.0285057325351
35 1.0 0.750410682893 8.62313357175e-05 0.0234131474668
35 1.0 0.738175046697 8.4695821735e-05 0.023001450003
35 1.0 0.847790998367 8.90354526403e-05 0.0290235424281
35 1.0 0.822700913532 8.70540971522e-05 0.0268490216415
35 1.0 0.84590434016 8.67247351701e-05 0.0250468011711
35 1.0 0.675613229565 8.5152307813e-05 0.0201089354135
35 1.0 0.745106456617 8.0298376988e-05 0.0224757988927
35 1.0 0.85247290933 8.85102749465e-05 0.0258549605354
35 1.0 0.730699291877 8.12242582705e-05 0.0230045328443
35 1.0 0.803688248052 8.87570054953e-05 0.0258702189265
35 1.0 0.79056459071 8.88419832466e-05 0.0320870876679
35 1.0 0.803332057183 8.60762985714e-05 0.0253075236448
35 1.0 0.803022477997 8.38092254346e-05 0.0234232946148
35 1.0 0.818574456378 8.93830782096e-05 0.0254517185819
35 1.0 0.773882683662 8.48011978765e-05 0.0245059265222
35 1.0 0.733995568019 8.76388077671e-05 0.0228080845426
35 1.0 0.834338965564 8.75019820198e-05 0.0250831345306
35 1.0 0.732045295088 8.26644513881e-05 0.024168372961
35 1.0 0.758103024827 8.65839554294e-05 0.0226108503439
35 1.0 0.786004565172 8.58960413754e-05 0.0238019286899
35 1.0 0.859724430394 8.72147489459e-05 0.0265932874835
35 1.0 0.828611569399 8.6866287991e-05 0.023352577426
35 1.0 0.78097013087 8.74629811963e-05 0.027718193011
35 1.0 0.753106651943 8.36728144453e-05 0.0303517973401
35 1.0 0.811624937892 8.21562820964e-05 0.0310857786232
35 1.0 0.847614464195 8.74317763148e-05 0.0283766489009
35 1.0 0.69597427275 9.07447880693e-05 0.0243238581563
35 1.0 0.753074296962 8.75880981933e-05 0.0264072269943
35 1.0 0.825138949099 8.27918446786e-05 0.0236417547756
35 1.0 0.781841863995 8.39731580039e-05 0.0271106636762
35 1.0 0.78156315348 8.77226274262e-05 0.0235369480745
35 1.0 0.710369327064 8.43624392643e-05 0.023149634117
35 1.0 0.806059236594 8.39845461323e-05 0.0248945484756
35 1.0 0.867653055076 8.52881945841e-05 0.025130769274
35 1.0 0.776017213474 8.91619215866e-05 0.0239651256102
35 1.0 0.743976987941 8.62990053566e-05 0.0250482327906
35 1.0 0.7599148215 8.75538011321e-05 0.0243115917242
35 1.0 0.837246948258 8.58934874329e-05 0.0319102519616
35 1.0 0.718102317184 8.65508356557e-05 0.0226662684421
35 1.0 0.797678399254 8.5704061066e-05 0.0240441191039
35 1.0 0.772284792369 8.40614164765e-05 0.0261377865897
35 1.0 0.739411064646 8.2229332149e-05 0.0234253928644
35 1.0 0.764153200931 8.50889941717e-05 0.022711061228
35 1.0 0.854836153829 8.63538560467e-05 0.0266814151644
35 1.0 0.878286867836 8.57966024686e-05 0.0312557768307
35 1.0 0.764717785767 8.75011872622e-05 0.0229406706875
35 1.0 0.731536939688 8.58937986039e-05 0.0199011756082
35 1.0 0.82536674829 8.38291437201e-05 0.025595179632
35 1.0 0.877225939857 8.33801166906e-05 0.0284862113994
35 1.0 0.899764090352 9.03927750319e-05 0.0273331877138
35 1.0 0.747715366767 9.00834613427e-05 0.026711774872
35 1.0 0.730645471858 8.99976448033e-05 0.0236191336832
35 1.0 0.797909484131 8.69368311021e-05 0.0266525636965
35 1.0 0.683821171778 8.79281097218e-05 0.0196632920137
