0.0 -0.0 7.99
-0.0 2.44 8.0
7.32 2.44 8.01
7.32 0.0 8.0
0.0 0.0 0.0
0.15 0.85 1.61
0.34 1.26 2.48
0.43 1.53 3.0
0.43 1.74 3.57
0.48 1.87 3.94
0.55 1.95 4.3
0.54 2.1 4.64
0.6 2.16 4.92
0.66 2.16 5.23
0.64 2.16 5.42
0.69 2.19 5.63
0.74 2.15 5.9
0.85 2.13 6.09
0.79 2.11 6.23
0.89 2.06 6.46
0.83 2.03 6.67
0.83 1.87 6.75
0.86 1.82 6.94
0.93 1.76 7.22
0.93 1.61 7.18
0.92 1.52 7.4
0.96 1.34 7.54
0.86 1.2 7.67
0.98 1.05 7.81
0.93 0.89 7.89
1.05 0.7 7.92
0.99 0.57 8.05
1.06 0.38 8.16
1.03 0.17 8.15
1.1 0.0 8.4
