106.300508405 237.787464897
56.7792676459 127.011604317
33.9970764536 76.0492940729
35.4061647127 79.2013347355
23.0120863403 51.4765710432
21.5903356316 48.2962052875
21.2805426188 47.6032180548
17.4722065259 39.0842128442
18.2392736686 40.8000931724
11.1309748542 24.8992815945
12.3834823032 27.7010609606
16.4526019078 36.8034222725
12.6072154173 28.2015376827
9.05872037824 20.263780355
14.7141553793 32.9146281446
12.6647934509 28.3303360756
10.458441971 23.3948683819
11.6891296471 26.1478383062
16.7750356638 37.5246860424
8.82787884771 19.7474025582
13.4030054999 29.9816693979
13.3476797587 29.8579092395
12.5326585035 28.0347586166
13.5856329954 30.39019547
10.8943655206 24.3700015895
13.1001586753 29.3042203455
11.3719981652 25.4384353855
12.9142140245 28.8882740082
12.5735526959 28.1262363196
17.555643225 39.2708554242
