-0.0 -0.0 18.1
-0.08 2.17 18.43
7.07 2.43 20.39
6.76 -0.0 18.99
0.0 0.0 0.0
0.15 0.06 0.37
0.31 0.14 0.76
0.43 0.23 1.12
0.56 0.33 1.51
0.69 0.4 1.89
0.83 0.49 2.3
0.96 0.56 2.68
1.09 0.64 3.08
1.21 0.7 3.47
1.34 0.76 3.87
1.45 0.82 4.25
1.56 0.86 4.64
1.68 0.92 5.04
1.8 0.97 5.44
1.9 1.01 5.81
2.01 1.06 6.19
2.1 1.09 6.56
2.2 1.13 6.95
2.29 1.16 7.32
2.39 1.2 7.7
2.47 1.22 8.05
2.56 1.25 8.42
2.64 1.26 8.76
2.72 1.28 9.11
2.8 1.3 9.45
2.88 1.31 9.8
2.96 1.32 10.13
3.03 1.31 10.45
3.1 1.32 10.79
3.17 1.31 11.12
3.24 1.31 11.44
3.31 1.29 11.75
3.37 1.29 12.07
3.43 1.25 12.38
3.5 1.25 12.68
3.56 1.22 12.98
3.63 1.2 13.27
3.69 1.17 13.57
3.75 1.13 13.84
3.8 1.1 14.12
3.85 1.06 14.4
3.9 1.02 14.68
3.96 0.97 14.95
4.01 0.92 15.23
4.05 0.87 15.49
4.1 0.81 15.76
4.15 0.76 16.01
4.2 0.72 16.28
4.24 0.64 16.51
4.28 0.6 16.77
4.33 0.51 17.03
4.38 0.45 17.31
4.41 0.36 17.53
4.45 0.3 17.77
4.48 0.23 17.99
4.51 0.12 18.21
4.54 0.1 18.43
