1267.0 -305.0 14 1
1264.0 -303.0 15 2
1261.0 -307.0 16 3
1257.5 -301.5 17 4
1252.5 -301.0 18 5
1246.0 -299.0 19 6
1263.5 -377.0 20 7
1239.0 -298.0 20 8
1261.5 -388.5 21 9
1234.5 -302.5 21 10
1259.5 -398.0 22 11
1218.5 -305.0 22 12
1216.5 -446.5 27 13
1201.5 -348.0 31 14
1136.5 -448.5 32 15
1205.5 -382.0 33 16
1159.5 -309.5 33 17
1207.5 -375.0 34 18
1196.5 -352.5 35 19
1109.5 -418.5 36 20
1130.0 -382.5 36 21
1190.5 -342.0 36 22
1133.0 -308.5 36 23
1136.0 -441.5 37 24
997.5 -390.0 37 25
1187.0 -335.5 37 26
1124.5 -302.0 37 27
1131.5 -440.5 38 28
945.5 -379.5 38 29
1196.0 -338.0 38 30
1121.0 -436.0 39 31
898.5 -361.0 39 32
1110.5 -436.5 40 33
854.5 -348.5 40 34
1114.0 -305.0 40 35
1040.5 -390.5 41 36
815.5 -339.5 41 37
1112.5 -304.5 41 38
779.5 -334.0 42 39
1110.5 -299.5 42 40
746.5 -329.0 43 41
1107.0 -306.0 43 42
1155.0 -348.0 44 43
715.5 -325.0 44 44
1104.5 -444.5 45 45
1145.5 -353.0 45 46
688.0 -321.0 45 47
1099.5 -296.0 45 48
1102.0 -441.5 46 49
661.0 -319.5 46 50
1100.0 -440.0 47 51
1037.0 -437.5 47 52
636.0 -318.0 47 53
1099.5 -437.5 48 54
1049.5 -432.5 48 55
612.5 -317.5 48 56
1094.0 -437.5 49 57
1062.0 -419.5 49 58
591.0 -319.5 49 59
1091.0 -436.5 50 60
571.0 -320.0 50 61
1026.5 -343.5 51 62
552.0 -321.0 51 63
1070.0 -300.5 51 64
1028.0 -346.0 52 65
533.0 -323.0 52 66
1069.5 -298.5 52 67
1080.5 -437.5 53 68
515.5 -325.5 53 69
1077.0 -434.0 54 70
498.5 -329.5 54 71
1072.0 -441.5 55 72
1074.5 -376.5 55 73
483.0 -331.5 55 74
1068.0 -291.0 55 75
468.0 -335.5 56 76
1037.5 -353.0 57 77
454.0 -339.5 57 78
440.0 -343.5 58 79
1047.0 -345.0 58 80
1082.0 -432.5 59 81
426.5 -348.5 59 82
1043.5 -346.0 59 83
413.5 -353.5 60 84
1050.0 -346.5 60 85
1080.5 -437.5 61 86
1061.0 -378.0 61 87
401.5 -358.5 61 88
1046.5 -353.5 61 89
1085.0 -439.5 62 90
390.0 -362.5 62 91
1086.0 -440.0 63 92
1073.5 -383.0 63 93
377.5 -369.0 63 94
1057.5 -346.0 63 95
367.0 -374.5 64 96
1088.0 -444.5 65 97
356.5 -381.0 65 98
347.0 -386.0 66 99
1043.5 -442.5 67 100
340.5 -378.5 67 101
1045.5 -440.0 68 102
333.0 -371.5 68 103
