15.0 -323.5 1 1
18.5 -324.5 2 2
78.5 -315.5 8 3
36.0 -493.0 9 4
93.5 -321.0 10 5
207.5 -488.0 16 6
261.0 -493.5 22 7
271.5 -485.0 24 8
414.5 -435.0 24 9
273.5 -483.5 25 10
478.0 -411.0 25 11
281.5 -467.0 26 12
528.5 -390.5 26 13
291.5 -482.5 27 14
577.5 -373.0 27 15
295.0 -472.0 28 16
621.0 -357.0 28 17
299.5 -472.5 29 18
660.0 -346.0 29 19
304.0 -481.5 30 20
694.5 -338.0 30 21
304.0 -480.5 31 22
727.5 -330.0 31 23
303.5 -480.5 32 24
755.5 -326.0 32 25
781.5 -322.0 33 26
804.5 -318.5 34 27
825.5 -317.5 35 28
308.0 -471.0 36 29
844.5 -316.5 36 30
862.5 -316.0 37 31
309.0 -468.0 38 32
878.5 -318.0 38 33
309.0 -471.0 39 34
893.0 -319.0 39 35
305.0 -469.0 40 36
906.5 -321.5 40 37
316.0 -469.5 41 38
919.0 -324.5 41 39
298.0 -312.5 41 40
930.5 -327.5 42 41
301.0 -310.5 42 42
321.0 -473.5 43 43
328.5 -356.0 43 44
941.5 -331.0 43 45
309.5 -304.0 43 46
328.0 -355.0 44 47
951.0 -335.5 44 48
303.0 -307.5 44 49
310.0 -463.5 45 50
262.0 -361.0 45 51
959.5 -339.5 45 52
312.0 -306.5 45 53
305.0 -464.5 46 54
282.0 -392.5 46 55
330.5 -352.5 46 56
968.0 -345.0 46 57
304.0 -466.5 47 58
975.0 -350.5 47 59
261.5 -343.0 47 60
302.5 -468.5 48 61
982.0 -354.5 48 62
302.0 -472.5 49 63
988.0 -360.5 49 64
298.5 -469.5 50 65
994.5 -367.5 50 66
297.5 -476.0 51 67
328.0 -381.5 51 68
999.5 -374.0 51 69
297.0 -480.0 52 70
295.5 -411.5 52 71
329.5 -381.0 52 72
1003.5 -381.5 52 73
327.5 -353.0 52 74
299.5 -479.5 53 75
305.5 -412.0 53 76
1007.5 -385.5 53 77
326.0 -382.0 53 78
327.0 -352.5 53 79
300.0 -482.0 54 80
1010.5 -381.0 54 81
320.0 -470.5 55 82
324.5 -389.5 55 83
1013.0 -373.0 55 84
325.5 -352.0 55 85
313.0 -314.0 55 86
322.5 -468.5 56 87
328.0 -382.5 56 88
1015.5 -367.0 56 89
325.0 -349.0 56 90
