23.2646433638 52.0415250144
25.0187404954 55.9653285444
22.8161086313 51.0381813939
24.1907704406 54.1132122817
24.0449848947 53.7870993036
25.4276331963 56.8799954655
23.8094629356 53.260251686
24.9785058782 55.8753262689
23.5561367763 52.6935772072
24.5920965929 55.0109533158
23.2739315705 52.062302141
23.9115127531 53.4885306262
23.9308798493 53.5318535865
24.7021636111 55.2571662232
22.1242800392 49.4906049099
23.0066670048 51.464448335
22.5800992679 50.5102434842
23.4455205609 52.4461357805
21.8054395662 48.777379085
22.8460590914 51.1051786651
21.1233985115 47.2516966986
22.1931681928 49.6447033206
20.3811360566 45.5913028764
20.8794103887 46.7059108124
20.3369378901 45.4924343938
20.6430675411 46.1772269195
19.421779632 43.4452836752
19.580851669 43.8011176875
19.6927941508 44.0515258875
19.6810365689 44.0252249258
18.8002359665 42.0549300939
18.7993006613 42.052837876
18.681584305 41.7895138866
18.3922145414 41.142212161
17.9614203568 40.1785530161
17.7306313854 39.6622927906
17.5335415344 39.2214153505
17.8014447921 39.8206978699
16.3529386447 36.5804819025
16.6688523906 37.2871608251
16.2911298895 36.4422196549
16.7605566897 37.4922974997
16.3394330191 36.5502706784
16.8923797893 37.7871773752
15.5171740497 34.7109297501
15.9215079535 35.6153989327
15.2922216662 34.2077255998
15.8615144169 35.4811972135
14.542751566 32.5312087345
15.1696233472 33.933480971
16.4699682001 36.842269562
16.9296111454 37.8704615467
14.0101729239 31.3398642426
14.2635402785 31.9066308728
13.6262046476 30.4809516712
14.0573266286 31.445344076
13.2839406402 29.7153288923
