35 2.4 1.88904772768 17.465306559 0.348247515903
35 2.4 1.93123150497 17.4538056572 0.268342984147
35 2.4 1.92135915146 17.4542390481 0.358906639248
35 2.4 2.17166223156 17.4491304471 0.280417566016
35 2.4 2.02139513933 17.4522443307 0.310980490898
35 2.4 1.85325453759 17.452392487 0.298876558428
35 2.4 1.92979861308 17.4753756074 0.334513223515
35 2.4 1.97120793608 17.4685025294 0.348691060263
35 2.4 1.77491429142 17.4402013932 0.306034755541
35 2.4 1.96263947528 17.4432923339 0.334469533095
35 2.4 2.04218723364 17.4470450202 0.315354525448
35 2.4 1.90076494483 17.4582206392 0.304165964361
35 2.4 1.8020393524 17.4639330529 0.32256743161
35 2.4 1.79138917839 17.4669453902 0.285214833937
35 2.4 1.87727730994 17.449183172 0.291034937247
35 2.4 1.59680581877 17.4542838676 0.323514567284
35 2.4 2.05212617866 17.452913004 0.337963484326
35 2.4 2.27283880347 17.4933513774 0.283555726613
35 2.4 1.8574569716 17.4641697959 0.297163221297
35 2.4 1.9293431404 17.4801646668 0.275790947333
35 2.4 1.92911592927 17.4448295672 0.326577565574
35 2.4 2.07820654674 17.4482329654 0.276008138957
35 2.4 1.94296675804 17.4711743585 0.31977116301
35 2.4 1.84743209065 17.4421057172 0.293314558137
35 2.4 1.79353479253 17.4674186371 0.341046081835
35 2.4 1.78048056268 17.475932266 0.340721344172
35 2.4 2.03866597734 17.4313136248 0.341392012441
35 2.4 1.84542311749 17.4545861227 0.324644093744
35 2.4 1.94786762868 17.4846338179 0.3067429643
35 2.4 1.76744414841 17.446640117 0.297906775674
35 2.4 1.9100691303 17.462691508 0.31106115805
35 2.4 1.90461946488 17.4977706776 0.320637913339
35 2.4 1.95221868806 17.4683081075 0.297206480145
35 2.4 1.84994791614 17.4635291922 0.314183589113
35 2.4 1.83090230114 17.4525845705 0.351827311913
35 2.4 1.99994979669 17.4563573511 0.286731713227
35 2.4 1.81720218732 17.4697288541 0.326967712561
35 2.4 1.71858860495 17.4542621169 0.340086358903
35 2.4 1.90682862302 17.4626225024 0.334981721564
35 2.4 1.8755012126 17.4356309559 0.316547067808
35 2.4 1.99811337139 17.4625018797 0.28986576739
35 2.4 1.68114365967 17.4763090364 0.291747239057
35 2.4 1.98439877232 17.4568745474 0.300233344703
35 2.4 1.6146759652 17.4598991776 0.309163100228
35 2.4 1.8335375764 17.4457635437 0.327483707506
35 2.4 2.1171595365 17.4350070813 0.333503736078
35 2.4 1.74145859535 17.4533478727 0.272077666009
35 2.4 2.03975684908 17.4351728919 0.31870037994
35 2.4 1.85970286472 17.4461298924 0.286714169445
35 2.4 2.27081850017 17.4492782648 0.341764855252
35 2.4 1.8540268464 17.4483928751 0.298061417829
35 2.4 1.90405126591 17.4731356335 0.327813136751
35 2.4 1.97909891362 17.4686735575 0.320088598147
35 2.4 1.87090065069 17.4639326567 0.319012645549
35 2.4 1.92027215321 17.488837313 0.337055532034
35 2.4 1.83274639567 17.4701231483 0.320472121652
35 2.4 1.74999190456 17.4773735528 0.30702974548
35 2.4 2.15664602787 17.4929603597 0.294765921737
35 2.4 2.01651946842 17.4342388716 0.244949336422
35 2.4 1.96842888972 17.4538410426 0.331626968631
35 2.4 1.93980490635 17.4572935291 0.288685048247
35 2.4 1.99356558125 17.4989736881 0.315220139745
35 2.4 1.82523285898 17.4437538868 0.283657756524
35 2.4 2.06774466082 17.448455107 0.274326998486
35 2.4 1.95430443193 17.4887562339 0.305220871473
35 2.4 1.80039216827 17.4570197818 0.296204898224
35 2.4 1.8232429347 17.4661274296 0.297047828623
35 2.4 1.7356133867 17.4549998181 0.314397765464
35 2.4 2.04301756589 17.4843756851 0.294215175753
35 2.4 1.8945251685 17.4659015057 0.304866763753
35 2.4 1.89250795122 17.4730940169 0.336455469136
35 2.4 1.7707781618 17.437440622 0.315926192094
35 2.4 1.96606566924 17.4540999509 0.302183151732
35 2.4 1.97601138986 17.4731216333 0.297041824289
35 2.4 1.74846211021 17.4631326421 0.332290718911
35 2.4 2.06941639166 17.4580555458 0.313626023289
35 2.4 1.78875509154 17.458397389 0.305607379522
35 2.4 1.76906842393 17.476207086 0.311981797044
35 2.4 2.04189845403 17.4689971028 0.318423169791
35 2.4 1.96190750563 17.4159182083 0.314748382732
35 2.4 1.9637855355 17.4466090915 0.264132844665
35 2.4 1.80115199398 17.4359185398 0.297920017278
35 2.4 1.83366204015 17.4672098707 0.31162134828
35 2.4 1.95621074998 17.4820971594 0.308865303972
35 2.4 1.688231461 17.4526172089 0.289033354219
35 2.4 1.90753881459 17.4535955661 0.315498296903
35 2.4 1.78970431116 17.4686896306 0.253862871892
35 2.4 1.80537716912 17.4508392821 0.296565093663
35 2.4 2.12690792567 17.4489008197 0.2733162158
35 2.4 2.08477006651 17.4473627765 0.294430565024
35 2.4 1.99249449119 17.4532502141 0.300083131945
35 2.4 2.16665438113 17.4816214734 0.339168401182
35 2.4 2.10544335323 17.4582564988 0.246050290817
35 2.4 1.90963960814 17.4380017885 0.288171885573
35 2.4 1.89475220462 17.4354145778 0.31641192864
35 2.4 2.00602324433 17.4534688575 0.326072198938
35 2.4 2.08932323567 17.4767229727 0.304140180076
35 2.4 1.77046989684 17.4385287802 0.327289334324
35 2.4 1.81092847161 17.4417750767 0.324743245909
35 2.4 2.0240488392 17.4712568457 0.347986139397
