-0.0 -0.0 15.48
-0.02 1.76 16.04
6.75 2.1 19.84
5.98 0.0 17.51
0.0 0.0 0.0
0.04 0.04 0.22
0.08 0.09 0.45
0.12 0.14 0.69
0.16 0.19 0.93
0.19 0.23 1.17
0.23 0.29 1.4
0.27 0.33 1.63
0.32 0.38 1.87
0.36 0.43 2.12
0.4 0.48 2.36
0.44 0.52 2.61
0.48 0.56 2.85
0.51 0.61 3.1
0.55 0.65 3.35
0.58 0.69 3.6
0.62 0.73 3.86
0.65 0.77 4.12
0.68 0.81 4.37
0.7 0.84 4.62
0.73 0.88 4.88
0.75 0.93 5.15
0.78 0.96 5.39
0.79 0.99 5.64
0.81 1.03 5.89
0.83 1.07 6.15
0.85 1.1 6.4
0.87 1.13 6.65
0.88 1.16 6.88
0.89 1.19 7.12
0.89 1.22 7.35
0.9 1.25 7.59
0.9 1.27 7.82
0.9 1.29 8.05
0.91 1.32 8.27
0.91 1.34 8.49
0.91 1.36 8.71
0.92 1.39 8.92
0.92 1.4 9.12
0.91 1.41 9.31
0.9 1.43 9.5
0.9 1.43 9.7
0.9 1.45 9.89
0.89 1.46 10.08
0.89 1.46 10.26
0.88 1.47 10.44
0.88 1.47 10.61
0.86 1.48 10.77
0.85 1.47 10.91
0.84 1.47 11.07
0.83 1.46 11.22
0.83 1.46 11.39
0.83 1.44 11.54
0.82 1.44 11.68
0.81 1.43 11.82
0.8 1.41 11.95
0.8 1.4 12.1
0.79 1.39 12.24
0.79 1.36 12.34
0.79 1.34 12.46
0.78 1.33 12.6
0.78 1.31 12.73
0.78 1.29 12.85
0.78 1.26 12.97
0.78 1.23 13.1
0.78 1.2 13.21
0.78 1.19 13.35
0.77 1.14 13.45
0.77 1.11 13.56
0.77 1.06 13.67
0.78 1.04 13.79
0.78 1.0 13.89
0.78 0.96 14.0
0.78 0.93 14.12
0.78 0.88 14.23
0.79 0.85 14.36
0.8 0.79 14.46
0.8 0.75 14.57
0.81 0.71 14.68
0.82 0.66 14.78
0.82 0.6 14.89
0.83 0.56 15.02
0.84 0.49 15.12
0.85 0.45 15.24
0.86 0.38 15.34
0.86 0.33 15.45
0.87 0.28 15.56
0.88 0.23 15.67
0.89 0.14 15.78
0.9 0.09 15.9
