13.26923739 29.6824386582
13.8820736376 31.0533143005
14.4279926333 32.2745003132
14.1699636425 31.6973059
14.2557842621 31.8892811583
13.8219890564 30.9189089201
13.983520873 31.2802453028
14.5156491763 32.4705824155
14.7791470878 33.0600104559
14.6649523385 32.8045640771
14.870268836 33.2638440012
14.2732733621 31.9284031608
14.8081684175 33.1249293214
14.5252313994 32.4920172381
14.8349746355 33.1848931235
15.4025198159 34.4544555337
15.5406484672 34.7634405265
15.0806350318 33.7344197788
14.6566463823 32.7859841823
15.1507793931 33.8913282461
15.6632243495 35.0376349659
14.6342654958 32.735919565
14.3179799898 32.0284090387
14.7487347603 32.991980017
15.0750795079 33.7219924258
14.7646296651 33.0275359062
14.7171407844 32.9213063057
13.6251775302 30.478654075
13.8264121026 30.9288029927
13.797713592 30.864606253
13.9000788153 31.0935907359
13.3326318724 29.8242480765
13.4182274175 30.0157198577
13.1153008867 29.3380925078
12.5908993405 28.1650396585
12.5784956573 28.1372934094
12.59939096 28.1840348704
11.443737766 25.5989123021
11.0162124152 24.6425653298
11.3193603004 25.3206878356
11.2138480114 25.0846635672
11.3755009793 25.4462709574
10.9689964147 24.536946145
10.4406791973 23.3551341887
10.2147594594 22.8497661285
9.99855862766 22.3661386419
9.64424718865 21.573566526
8.11437209731 18.151333415
8.90323711427 19.9159741994
9.11168011012 20.3822479012
9.90362996097 22.1537892624
8.47254954377 18.9525535433
8.21258336085 18.3710257545
7.86991538759 17.6044993297
8.14873749712 18.228206625
8.72059984774 19.50742627
7.81523705813 17.4821873903
6.35036178758 14.2053547373
7.02124508258 15.7060779262
8.02016174792 17.9405908656
7.77354946176 17.3889348931
7.03413943858 15.7349217791
7.08081561968 15.8393334225
7.48854741446 16.7514034708
6.9406934559 15.5258890693
7.78732344751 17.4197464217
6.63998811375 14.8532303768
6.60049830967 14.764894201
6.83669658908 15.2932547038
6.93965111653 15.5235574225
6.5893465943 14.7399485242
6.89600415999 15.4259219615
7.15174534539 15.9979986999
6.85751078712 15.3398147388
7.46758764888 16.7045178105
6.95303204374 15.5534897042
6.75315344612 15.1063740156
6.63385723938 14.8395160015
6.69660333972 14.9798750304
7.41255524771 16.5814138352
7.53854799439 16.8632515825
7.19146510711 16.0868492764
7.21920689516 16.1489058888
7.280441942 16.2858847873
6.80432470114 15.2208408529
6.95108903774 15.5491433235
7.41653585551 16.5903182013
8.09595577949 18.1101372854
7.30962063363 16.3511556615
