-0.0 -0.0 8.02
-0.0 2.44 8.02
7.32 2.44 8.06
7.32 -0.0 8.06
0.0 0.0 0.0
0.33 0.82 1.68
0.3 1.19 2.45
0.39 1.47 3.07
0.49 1.71 3.55
0.51 1.84 3.96
0.63 1.96 4.32
0.6 2.07 4.65
0.68 2.13 4.91
0.72 2.21 5.22
0.63 2.19 5.49
0.66 2.26 5.73
0.75 2.17 5.93
0.76 2.16 6.12
0.82 2.17 6.31
0.85 2.1 6.5
0.83 2.04 6.71
0.83 2.0 6.86
0.91 1.79 6.98
0.86 1.75 7.14
0.89 1.63 7.31
0.85 1.52 7.43
0.87 1.37 7.53
0.99 1.2 7.68
0.97 1.09 7.8
1.03 0.89 7.91
0.98 0.72 8.0
0.99 0.52 8.16
1.06 0.35 8.18
1.02 0.17 8.26
1.05 0.0 8.38
