110.013892214 246.094067898
49.991257132 111.827257261
39.5490477684 88.4687001881
31.8014222246 71.1377554478
25.0495300835 56.0342028913
22.6741112911 50.7205423906
20.1987987163 45.183425863
16.4859450543 36.8780087669
18.7179560817 41.8708752338
16.6815947446 37.3156646592
14.4161092863 32.2479180232
13.8018862842 30.8739402995
11.1121131588 24.8570891835
11.5246389414 25.7798830771
11.6516889824 26.0640859245
12.6440878445 28.2840189534
9.50238189265 21.2562228971
14.5215395875 32.4837588899
10.2486674588 22.9256161628
12.0912064821 27.0472585697
9.41617248886 21.0633779532
10.6155419343 23.7462909908
15.2042822221 34.011010666
9.80287812101 21.9284138153
13.6085967679 30.4415639662
11.3382313529 25.3629011776
14.9970092508 33.5473542347
10.4902169981 23.4659470931
11.6720460086 26.1096232951
12.1433983716 27.1640085013
