35 0.2 0.146723017946 17.4584303462 0.298910920816
35 0.2 0.150553476993 17.4585817802 0.29915100239
35 0.2 0.146980612716 17.4603056419 0.302349900931
35 0.2 0.149012172623 17.4583453496 0.300988696999
35 0.2 0.157527113318 17.4603837317 0.300808591691
35 0.2 0.15898443756 17.4577098319 0.29926401694
35 0.2 0.165606731591 17.4606177673 0.298667825603
35 0.2 0.175846292093 17.4585795647 0.301182409804
35 0.2 0.164512721536 17.4586633677 0.298672461782
35 0.2 0.168915579683 17.4597227611 0.302140998239
35 0.2 0.163153891491 17.4592376389 0.298996742325
35 0.2 0.151475717819 17.4601941708 0.299986142329
35 0.2 0.16530263234 17.4560610363 0.301139487274
35 0.2 0.165250562878 17.4593098213 0.301693604111
35 0.2 0.161276708581 17.4586371004 0.297350272856
35 0.2 0.185707683637 17.4623002648 0.300035999235
35 0.2 0.158055180047 17.4580437105 0.299056290931
35 0.2 0.151117937889 17.4595173248 0.296173888397
35 0.2 0.14438795332 17.4584098249 0.299259540031
35 0.2 0.169649441704 17.4548733679 0.297928388869
35 0.2 0.157671909731 17.4600211878 0.29928061097
35 0.2 0.175611240246 17.4587239905 0.305063098112
35 0.2 0.157028700713 17.4599025582 0.302669404704
35 0.2 0.15235597375 17.4613844818 0.299740255128
35 0.2 0.180164244441 17.4613407314 0.299086081495
35 0.2 0.138480067379 17.4598724734 0.298036015342
35 0.2 0.154259400175 17.4596157148 0.302174777008
35 0.2 0.150891501534 17.4580249599 0.297692545
35 0.2 0.190874336811 17.4579197563 0.300708500606
35 0.2 0.172260826694 17.4601631884 0.297402820222
35 0.2 0.154567108415 17.4587766183 0.300386737262
35 0.2 0.149429704717 17.4598461166 0.301023455126
35 0.2 0.172177143225 17.4557546326 0.301381398582
35 0.2 0.151123419593 17.4600455238 0.299124231593
35 0.2 0.15713115362 17.4612675072 0.301220319501
35 0.2 0.15861683907 17.4597325162 0.302354955449
35 0.2 0.171456347455 17.459923887 0.297127158673
35 0.2 0.141484267032 17.4567677473 0.30008995308
35 0.2 0.172377938507 17.4579872878 0.30017231903
35 0.2 0.14266635728 17.4604640585 0.300151593822
35 0.2 0.160584741908 17.4588608588 0.300372580722
35 0.2 0.170640042644 17.4577661028 0.304286799184
35 0.2 0.165297667353 17.4591480746 0.29779763859
35 0.2 0.169111090251 17.4573179472 0.300597849581
35 0.2 0.168066896769 17.4612164103 0.302246000315
35 0.2 0.1700076756 17.4582960289 0.30330130353
35 0.2 0.184148242206 17.4613688885 0.301086267695
35 0.2 0.179709874354 17.459878507 0.30113483428
35 0.2 0.164227548933 17.4584317772 0.300893619047
35 0.2 0.162181477668 17.4592227008 0.299193248316
35 0.2 0.168548823546 17.4572817901 0.301085153747
35 0.2 0.1552308617 17.4602957159 0.298838050646
35 0.2 0.166475038785 17.4577289924 0.300952041919
35 0.2 0.148390412933 17.4566053669 0.300986029564
35 0.2 0.156153762609 17.4600284638 0.302469093509
35 0.2 0.155139558592 17.4598179499 0.300084045395
35 0.2 0.163198461737 17.4577206354 0.299167813737
35 0.2 0.17378812111 17.4604209986 0.29702386136
35 0.2 0.18091485156 17.4580385055 0.302176836308
35 0.2 0.146568375737 17.4596736106 0.296177445552
35 0.2 0.152255152342 17.4574984133 0.298951727822
35 0.2 0.175267316342 17.457900232 0.299202594844
35 0.2 0.165251623465 17.459282465 0.299918301035
35 0.2 0.159369386144 17.4590688019 0.299288929156
35 0.2 0.157949357712 17.4569291268 0.297717584576
35 0.2 0.168899625162 17.4544938327 0.298991129911
35 0.2 0.159929476241 17.4588585346 0.299768439148
35 0.2 0.154518294986 17.4601245776 0.302248424875
35 0.2 0.158495382005 17.4589280145 0.298618964038
35 0.2 0.17181964162 17.4602221066 0.298813084699
35 0.2 0.158948392382 17.4604041789 0.303035274893
35 0.2 0.141228853913 17.4577816977 0.300096986184
35 0.2 0.151681901298 17.4589161185 0.300358391418
35 0.2 0.178217146705 17.4599981876 0.297057962849
35 0.2 0.153169126776 17.4558188174 0.299533624893
35 0.2 0.174358607114 17.4566294585 0.299714283157
35 0.2 0.172697687767 17.4610387077 0.305281063462
35 0.2 0.16601618635 17.4587856387 0.298138656419
35 0.2 0.166278753185 17.4595668088 0.300446026342
35 0.2 0.162771991872 17.4579922544 0.300345622873
35 0.2 0.165830352119 17.4595165464 0.301705817854
35 0.2 0.159866868063 17.4598737913 0.302827460494
35 0.2 0.162932420155 17.4597650313 0.29949230799
35 0.2 0.139627859188 17.4607940385 0.297343111195
35 0.2 0.142885842044 17.4590690241 0.301625383405
35 0.2 0.175638652488 17.4576951173 0.300406842114
35 0.2 0.164422195351 17.458720431 0.30014118419
35 0.2 0.17051222842 17.4554376304 0.299545046389
35 0.2 0.149164932777 17.4574917014 0.303777048609
35 0.2 0.16373143845 17.4591624622 0.301306982978
35 0.2 0.161870018349 17.4606494302 0.299172612808
35 0.2 0.163132456232 17.4589769097 0.30028761505
35 0.2 0.16140996272 17.4575239585 0.301314594095
35 0.2 0.16522985841 17.4592117025 0.300454902683
35 0.2 0.169596868439 17.4575772734 0.299525294783
35 0.2 0.184963365723 17.4588917088 0.30098688955
35 0.2 0.167669407408 17.4586908805 0.30045455644
35 0.2 0.17710193751 17.4595100595 0.30119566859
35 0.2 0.152919178945 17.4574316 0.299599894212
35 0.2 0.155210079294 17.4595112094 0.298193202935
