-0.0 -0.0 8.83
-0.01 1.78 9.32
6.66 2.18 13.29
5.92 0.0 11.02
0.0 0.0 0.0
0.11 0.06 0.34
0.22 0.12 0.69
0.33 0.18 1.03
0.45 0.24 1.38
0.56 0.28 1.7
0.68 0.33 2.04
0.79 0.38 2.36
0.91 0.43 2.7
1.02 0.47 3.01
1.14 0.5 3.33
1.26 0.55 3.67
1.39 0.6 4.01
1.51 0.63 4.3
1.63 0.67 4.61
1.75 0.69 4.91
1.87 0.73 5.22
1.99 0.75 5.52
2.12 0.78 5.82
2.24 0.79 6.11
2.37 0.8 6.39
2.5 0.84 6.69
2.63 0.85 6.98
2.75 0.86 7.26
2.88 0.85 7.55
3.02 0.87 7.83
3.15 0.88 8.12
3.28 0.89 8.4
3.42 0.89 8.68
3.55 0.89 8.95
3.68 0.89 9.21
3.81 0.88 9.47
3.94 0.86 9.74
4.08 0.86 10.01
4.22 0.85 10.29
4.36 0.83 10.55
4.5 0.82 10.81
4.64 0.8 11.07
4.77 0.78 11.34
4.9 0.76 11.56
