20.8095220023 46.5495749445
21.4882661314 48.0678823185
21.1775167284 47.3727557018
21.7879912858 48.7383483935
20.1266443209 45.0220210774
20.9134236667 46.7819963482
19.9947440996 44.7269686856
20.7039876804 46.31350139
19.5923167352 43.8267643102
19.586262355 43.8132210473
21.0607251077 47.1115002872
21.3116583661 47.6728219993
18.3162838496 40.9723600411
19.3337664546 43.2484038048
18.8578162312 42.1837334777
19.5224051097 43.670376458
18.8154839708 42.0890389082
19.2094012857 42.9702068452
17.9250115113 40.0971087483
17.9171052959 40.0794230481
18.8907811884 42.2574739868
18.6077555182 41.624363594
17.9538284808 40.161570473
18.2864377838 40.9055962935
18.0603501227 40.3998525995
18.5249695887 41.4391767442
17.971974814 40.2021626643
18.1923644234 40.6951601796
16.9871680071 37.9992125794
17.3582704854 38.8293451805
16.7511580758 37.4712733994
17.0323933286 38.1003787423
17.9697163233 40.1971105646
18.1973672648 40.7063512172
16.8093101409 37.6013558641
17.2082219495 38.4936961652
17.2126750683 38.5036575083
17.514629234 39.1791097394
14.6322688898 32.7314532847
