0.0 0.0 8.0
-0.0 2.44 8.0
7.32 2.44 8.01
7.32 0.0 8.01
0.0 0.0 0.0
0.21 0.82 1.63
0.3 1.2 2.43
0.4 1.47 3.03
0.44 1.69 3.53
0.5 1.83 3.94
0.54 1.96 4.31
0.59 2.06 4.64
0.61 2.12 4.94
0.65 2.16 5.21
0.68 2.19 5.44
0.71 2.2 5.69
0.75 2.2 5.91
0.76 2.17 6.11
0.78 2.13 6.3
0.81 2.08 6.49
0.85 2.01 6.66
0.86 1.93 6.82
0.87 1.83 6.97
0.9 1.74 7.12
0.91 1.62 7.26
0.92 1.5 7.39
0.94 1.36 7.52
0.95 1.22 7.64
0.97 1.07 7.74
1.0 0.91 7.85
0.99 0.73 7.97
1.02 0.55 8.05
1.03 0.37 8.15
1.02 0.19 8.23
1.05 -0.02 8.33
