106.391327527 237.990621487
51.6317759443 115.496993327
38.6277662326 86.4078520872
31.7548641953 71.0336081025
25.4726953292 56.9807965859
22.7472285949 50.8841011409
20.1654957141 45.1089291687
17.6704227622 39.5276099364
16.5419164941 37.0032133118
13.5665747669 30.3475634271
14.4838576897 32.3994668853
12.5575199297 28.0903720432
12.2924913036 27.4975198915
10.8345110062 24.2361108543
11.6256874932 26.0059222498
10.89776012 24.3775950922
10.525718576 23.545361861
10.5308550275 23.5568517758
10.3284853389 23.1041636754
10.5861439582 23.6805295912
10.4499513463 23.3758753953
10.8416034986 24.2519763077
11.0014779289 24.6096052227
10.6413815759 23.8040926229
11.2514944743 25.1688763062
12.1498409163 27.1784200634
11.6047298354 25.9590413044
12.2138559845 27.3216176925
11.3694881219 25.4328205786
13.3436605659 29.8489185614
