588 -481 71
611 -453 72
627 -429 73
644 -402 74
659 -385 75
675 -363 76
688 -348 77
696 -334 78
709 -326 79
719 -314 80
727 -309 81
735 -303 82
744 -295 83
752 -291 84
758 -287 85
763 -284 86
770 -281 87
774 -281 88
783 -280 89
788 -278 90
791 -277 91
797 -276 92
801 -281 93
807 -281 94
810 -284 95
811 -285 96
815 -287 97
818 -290 98
822 -294 99
823 -297 100
825 -300 101
828 -303 102
832 -308 103
835 -312 104
838 -314 105
838 -321 106
842 -325 107
845 -331 108
847 -335 109
848 -340 110
850 -347 111
852 -351 112
855 -359 113
858 -366 114
858 -371 115
861 -378 116
861 -380 117
