35 2.2 1.97184146435 17.4629484656 0.324161212066
35 2.2 1.74624891253 17.4516366311 0.305193612225
35 2.2 1.70413300471 17.4628463936 0.274493793423
35 2.2 2.03360109492 17.4748159843 0.273512388405
35 2.2 1.83077317875 17.43824829 0.28786526003
35 2.2 1.59695366392 17.4519914637 0.279415265479
35 2.2 1.82090077077 17.4561291248 0.332571443309
35 2.2 1.70413509733 17.4557668838 0.301286997689
35 2.2 1.64135333058 17.4617681044 0.303410106896
35 2.2 1.81109719405 17.445047728 0.332267409798
35 2.2 1.44025580943 17.4570677114 0.317794222625
35 2.2 1.78404224132 17.4656053339 0.330861189894
35 2.2 1.52277688463 17.4408379905 0.318718704544
35 2.2 1.75265122806 17.4365367418 0.271760576154
35 2.2 1.81552775259 17.4612652183 0.305912269651
35 2.2 1.75888842955 17.4491937907 0.304547671908
35 2.2 1.7942798622 17.4319998986 0.316137146256
35 2.2 1.73845436508 17.4737383213 0.320968167035
35 2.2 1.87562416503 17.479107782 0.286858287077
35 2.2 1.72589430803 17.4551128954 0.312597719964
35 2.2 1.83561607595 17.4764124604 0.306884741885
35 2.2 1.69488616795 17.4469293946 0.305469758284
35 2.2 1.82055729089 17.4552697555 0.320804178163
35 2.2 1.87338571478 17.4370035705 0.279538090731
35 2.2 2.01377752829 17.4386934437 0.282805469885
35 2.2 1.70523845462 17.4852917886 0.309566860384
35 2.2 1.66961245267 17.4638149077 0.318084178818
35 2.2 1.81478574596 17.4290415382 0.291304116918
35 2.2 1.84784496947 17.4877672478 0.273898776007
35 2.2 1.78421344204 17.4427811882 0.30212901123
35 2.2 1.83661725822 17.4410963156 0.257001065393
35 2.2 1.73976707521 17.4174571153 0.286016658082
35 2.2 1.79786660955 17.4719139431 0.279705546774
35 2.2 1.63165334099 17.4703879176 0.300984038219
35 2.2 1.38938028399 17.4564624038 0.316864483392
35 2.2 1.69578551891 17.4610535753 0.308619187952
35 2.2 1.68423833972 17.4435117865 0.292276864803
35 2.2 1.88377801044 17.4316244177 0.341474104957
35 2.2 1.77227546213 17.4557948939 0.302829664825
35 2.2 1.79128313159 17.4913580903 0.309700678182
35 2.2 1.74971133387 17.4514142493 0.319843225973
35 2.2 1.8368765952 17.4513841701 0.284739339964
35 2.2 1.91141981149 17.4516067959 0.301808421445
35 2.2 1.74254433321 17.458139628 0.358700370987
35 2.2 1.64120818189 17.4490929321 0.325897967189
35 2.2 1.72665553055 17.4476642629 0.291287923279
35 2.2 1.74564927989 17.4837667526 0.30696289214
35 2.2 1.63698585823 17.4521776346 0.30925929666
35 2.2 1.78567237744 17.4813476023 0.350093119338
35 2.2 1.70194189712 17.4315724698 0.300534041545
35 2.2 1.73800745311 17.458235229 0.281904513168
35 2.2 1.69579910574 17.4295729204 0.262155618774
35 2.2 1.89246171384 17.4469189369 0.304408768505
35 2.2 1.72486796879 17.4596824192 0.296861273157
35 2.2 1.78814272103 17.458617894 0.347911184084
35 2.2 2.07059760824 17.4502436867 0.332844927874
35 2.2 1.51611408837 17.4720270213 0.28360940461
35 2.2 1.74608247218 17.4711844284 0.353698663103
35 2.2 1.75113431799 17.4469095461 0.282025981406
35 2.2 1.92691421982 17.4877023264 0.307475553564
35 2.2 1.7999693168 17.4633187885 0.29351449868
35 2.2 1.66928990944 17.4315613541 0.287312366982
35 2.2 1.69334680884 17.4698640738 0.267666808969
35 2.2 1.81070758329 17.4701671966 0.268928776992
35 2.2 1.99696936761 17.4652417309 0.328134227712
35 2.2 1.82116166876 17.4699391013 0.272614725275
35 2.2 1.83609592858 17.4631553835 0.323457441068
35 2.2 1.79756592654 17.4564269232 0.277171556504
35 2.2 1.85630419112 17.4285856107 0.297468318425
35 2.2 1.52538743913 17.4610866 0.345576035262
35 2.2 1.68771609515 17.4747281218 0.311392747356
35 2.2 1.74839999519 17.436422511 0.296444507776
35 2.2 1.69091480301 17.461014963 0.277587353618
35 2.2 1.70824406426 17.4494126069 0.318829651639
35 2.2 1.5192967894 17.4515770339 0.29784945207
35 2.2 1.83337314146 17.443174251 0.281549781811
35 2.2 1.90871689031 17.486271255 0.293752147184
35 2.2 1.66740563321 17.4654023822 0.312908703884
35 2.2 1.78604347688 17.4483726003 0.335564241457
35 2.2 1.73410093108 17.4577124242 0.278193167539
35 2.2 1.65910054461 17.4151691216 0.290619774283
35 2.2 1.77047663241 17.4719649291 0.297744853355
35 2.2 1.80588966843 17.4708842985 0.286100384215
35 2.2 1.63208407947 17.467905028 0.331504952079
35 2.2 1.60333925026 17.4723799968 0.350785489103
35 2.2 1.58994436853 17.4579322828 0.284801068194
35 2.2 1.85151051286 17.451419161 0.302650472424
35 2.2 1.73962483685 17.4441586438 0.300557265949
35 2.2 1.53531152475 17.4484774329 0.285463836086
35 2.2 1.92550762829 17.4705166086 0.292564484828
35 2.2 1.67292614841 17.4513928392 0.321636632209
35 2.2 1.73414561057 17.5053902628 0.312344304486
35 2.2 1.65658638146 17.4540655463 0.289476921861
35 2.2 1.60161580106 17.4714920662 0.307480933774
35 2.2 1.62592126976 17.4712584616 0.325923758904
35 2.2 1.81672233706 17.4380165056 0.297924134941
35 2.2 1.79493337864 17.4729966537 0.329913420397
35 2.2 1.70759635978 17.443409495 0.304015983642
35 2.2 1.6677872917 17.4365209779 0.288318076795
35 2.2 1.748410934 17.4537078458 0.295931446704
