1216.0 -361.5 2 1
1193.0 -335.5 2 1
1170.0 -309.5 2 1
1145.0 -282.0 3 1
1115.0 -268.0 3 1
1085.0 -254.0 3 1
1055.0 -240.0 3 1
1025.0 -226.0 3 1
993.0 -209.5 5 1
971.0 -203.5 5 1
949.0 -197.5 5 1
926.5 -191.5 6 1
907.5 -191.5 6 1
888.5 -191.5 6 1
868.5 -193.5 7 1
850.5 -199.5 7 1
832.5 -205.5 7 1
812.0 -212.0 8 1
796.0 -222.0 8 1
780.0 -232.0 8 1
763.5 -242.0 9 1
747.5 -253.0 9 1
731.5 -264.0 9 1
715.5 -277.5 10 1
702.5 -290.5 10 1
689.5 -303.5 10 1
675.5 -319.0 11 1
664.5 -339.0 11 1
653.5 -359.0 11 1
642.5 -380.0 12 1
632.5 -402.0 12 1
622.5 -424.0 12 1
610.0 -448.0 13 1
601.0 -471.0 13 1
592.0 -494.0 13 1