19.5 -318.0 21 1
21.5 -320.0 22 2
101.5 -499.5 33 3
173.0 -424.0 37 4
120.0 -353.0 38 5
180.5 -497.5 39 6
105.5 -501.0 39 7
122.5 -349.0 39 8
193.5 -318.5 40 9
216.0 -478.0 45 10
269.0 -474.5 45 11
275.0 -488.5 46 12
389.0 -436.0 48 13
434.5 -409.5 49 14
473.0 -385.5 50 15
510.5 -367.0 51 16
224.0 -380.5 52 17
542.5 -348.0 52 18
572.5 -333.5 53 19
599.5 -322.0 54 20
313.5 -395.5 55 21
624.0 -311.0 55 22
316.0 -403.0 56 23
283.5 -375.0 56 24
248.5 -325.5 56 25
648.0 -301.0 56 26
314.0 -401.0 57 27
670.0 -291.5 57 28
273.0 -469.0 58 29
309.5 -398.0 58 30
274.0 -385.0 58 31
689.5 -285.0 58 32
709.0 -279.5 59 33
726.5 -274.0 60 34
743.5 -269.5 61 35
759.0 -266.5 62 36
774.0 -263.0 63 37
788.0 -261.5 64 38
231.0 -477.5 65 39
279.0 -350.0 65 40
801.5 -259.5 65 41
227.5 -478.0 66 42
276.5 -344.0 66 43
814.5 -259.5 66 44
193.5 -363.0 67 45
827.0 -258.5 67 46
278.5 -466.0 68 47
184.5 -369.5 68 48
838.5 -258.0 68 49
275.0 -458.0 69 50
236.5 -395.5 69 51
849.5 -259.5 69 52
274.5 -458.5 70 53
183.0 -365.5 70 54
861.0 -260.0 70 55
273.0 -459.0 71 56
871.0 -261.0 71 57
275.5 -471.5 72 58
169.0 -377.0 72 59
196.5 -346.5 72 60
880.5 -263.0 72 61
275.0 -477.5 73 62
168.5 -378.0 73 63
890.5 -264.5 73 64
271.0 -466.0 74 65
172.0 -378.5 74 66
263.5 -341.0 74 67
229.0 -303.5 74 68
900.0 -267.0 74 69
268.5 -464.5 75 70
172.0 -380.5 75 71
262.5 -343.0 75 72
230.5 -296.5 75 73
908.0 -269.0 75 74
265.5 -468.0 76 75
174.5 -373.5 76 76
917.0 -272.5 76 77
260.5 -340.5 77 78
925.0 -275.0 77 79
259.5 -344.0 78 80
229.0 -295.5 78 81
933.5 -278.0 78 82
258.5 -340.0 79 83
231.5 -301.5 79 84
941.0 -281.5 79 85
258.5 -341.5 80 86
948.5 -286.0 80 87
176.5 -382.5 81 88
956.0 -289.5 81 89
256.5 -342.0 82 90
228.5 -301.5 82 91
180.5 -384.0 83 92
965.0 -278.5 83 93
182.0 -388.0 84 94
256.0 -343.5 84 95
234.5 -300.5 84 96
964.0 -254.5 84 97
966.0 -240.5 85 98
226.5 -472.0 86 99
968.0 -226.5 86 100
224.0 -472.5 87 101
195.5 -392.0 87 102
970.5 -215.0 87 103
218.5 -474.0 88 104
195.0 -389.0 88 105
241.0 -393.0 88 106
250.0 -343.5 88 107
972.5 -203.5 88 108
218.0 -478.5 89 109
255.0 -344.5 89 110
974.0 -191.5 89 111
216.5 -478.5 90 112
224.5 -295.0 90 113
976.0 -180.0 90 114
214.5 -479.5 91 115
252.5 -347.5 91 116
978.0 -170.0 91 117
214.5 -480.5 92 118
255.0 -345.0 92 119
221.5 -300.0 92 120
980.5 -159.5 92 121
214.5 -483.0 93 122
257.5 -340.0 93 123
225.5 -300.5 93 124
983.0 -149.5 93 125
213.5 -483.0 94 126
262.5 -336.0 94 127
217.5 -301.0 94 128
985.0 -139.5 94 129
213.5 -484.0 95 130
188.5 -341.5 95 131
263.5 -329.5 95 132
213.5 -300.0 95 133
987.0 -130.5 95 134
213.0 -486.5 96 135
186.5 -338.0 96 136
262.5 -319.5 96 137
212.0 -300.5 96 138
989.0 -122.0 96 139
220.5 -486.5 97 140
181.5 -329.5 97 141
260.0 -312.0 97 142
991.5 -114.0 97 143
228.0 -480.0 98 144
993.5 -106.5 98 145
227.5 -479.5 99 146
996.0 -99.0 99 147
998.0 -92.5 100 148
225.5 -478.0 101 149
1000.0 -86.0 101 150
223.5 -477.5 102 151
1002.0 -80.5 102 152
222.0 -477.0 103 153
1004.5 -74.5 103 154
221.0 -481.5 104 155
1007.0 -70.5 104 156
1009.0 -66.0 105 157
1011.0 -62.0 106 158
1013.0 -58.0 107 159
191.5 -485.0 108 160
1015.0 -55.5 108 161
1017.5 -52.0 109 162
1019.5 -50.0 110 163
1022.0 -48.0 111 164
1024.0 -47.5 112 165
169.0 -395.0 113 166
1026.5 -47.0 113 167
1028.0 -47.0 114 168
1031.5 -45.5 115 169
139.5 -483.5 116 170
1031.5 -46.5 116 171
136.0 -492.5 117 172
1032.5 -47.0 117 173
135.5 -494.5 118 174
223.5 -488.5 118 175
1036.5 -48.5 118 176
132.0 -495.0 119 177
222.0 -485.0 119 178
1038.0 -50.5 119 179
132.5 -495.0 120 180
216.0 -483.5 120 181
199.5 -253.0 120 182
1039.0 -51.5 120 183
213.0 -484.0 121 184
197.0 -254.5 121 185
1041.0 -55.0 121 186
1043.0 -57.5 122 187
202.0 -482.0 123 188
1045.0 -61.0 123 189
192.0 -481.5 124 190
1047.0 -65.5 124 191
180.0 -484.0 125 192
1049.0 -68.5 125 193
1051.0 -73.5 126 194
152.0 -491.5 127 195
1052.5 -78.5 127 196
1054.5 -83.5 128 197
1056.0 -90.0 129 198
1058.0 -96.5 130 199
1059.5 -103.5 131 200
1061.5 -110.5 132 201
142.0 -495.5 133 202
1063.0 -117.5 133 203
1064.5 -125.5 134 204
1066.0 -133.5 135 205
74.0 -495.5 136 206
1067.5 -142.0 136 207
124.5 -487.5 137 208
1069.0 -151.5 137 209
1070.5 -160.0 138 210
142.0 -297.5 139 211
1072.0 -171.0 139 212
1073.5 -180.5 140 213
87.0 -492.0 141 214
1075.0 -191.5 141 215
79.0 -498.0 142 216
22.5 -315.0 142 217
1076.0 -202.5 142 218
32.0 -338.0 143 219
1077.5 -213.0 143 220
15.5 -319.0 144 221
1079.0 -225.5 144 222
1080.0 -236.0 145 223
1081.5 -247.5 146 224
1082.5 -260.0 147 225
118.0 -319.5 148 226
1084.5 -273.0 148 227
73.5 -505.5 149 228
111.5 -325.0 149 229
1085.5 -285.5 149 230
1086.5 -299.5 150 231
1087.5 -313.5 151 232
1089.0 -328.0 152 233
28.0 -311.0 152 234
1090.0 -342.5 153 235
25.5 -320.0 153 236
1090.5 -357.0 154 237
1092.0 -372.0 155 238
62.0 -339.0 155 239
19.0 -320.0 155 240
1093.5 -379.0 156 241
1096.0 -369.5 157 242
31.0 -332.5 157 243
1098.0 -360.0 158 244
27.0 -334.5 158 245
1101.0 -350.5 159 246
23.5 -335.5 159 247
1101.5 -343.5 160 248
19.0 -337.0 160 249
1102.5 -335.0 161 250
15.5 -341.0 161 251
1111.5 -328.0 162 252
1112.0 -320.5 163 253
1114.0 -313.0 164 254
1115.5 -307.5 165 255
1118.5 -301.0 166 256
1121.0 -295.0 167 257
1123.0 -291.0 168 258
1125.5 -286.0 169 259
1128.0 -282.0 170 260
1130.5 -278.0 171 261
1132.5 -274.5 172 262
1135.0 -270.5 173 263
1137.0 -268.5 174 264
1140.0 -266.5 175 265
1142.0 -264.0 176 266
1143.5 -263.5 177 267
1148.0 -262.0 178 268
1148.0 -262.5 179 269
1151.5 -261.5 180 270
1154.0 -262.5 181 271
1155.5 -262.5 182 272
1158.0 -264.0 183 273
1161.0 -265.0 184 274
1162.0 -268.5 185 275
1164.5 -269.5 186 276
1167.0 -272.5 187 277
1168.5 -275.5 188 278
1171.0 -277.5 189 279
1173.0 -283.0 190 280
1175.0 -287.0 191 281
1177.5 -291.0 192 282
1179.5 -296.5 193 283
1181.5 -301.0 194 284
1183.5 -308.0 195 285
1185.5 -313.5 196 286
1189.5 -319.5 197 287
1190.5 -327.5 198 288
1191.0 -334.0 199 289
1193.5 -341.0 200 290
1196.0 -350.0 201 291
1197.0 -357.5 202 292
1200.0 -367.0 203 293
1207.5 -366.5 207 294
1210.5 -358.5 208 295
1211.0 -352.5 209 296
1213.5 -348.0 210 297
1215.0 -344.5 211 298
