-0.0 -0.0 18.74
-0.1 2.17 19.07
6.87 2.43 21.59
6.67 -0.0 20.16
0.0 0.0 0.0
0.11 0.07 0.31
0.22 0.14 0.65
0.33 0.24 0.96
0.44 0.35 1.29
0.55 0.42 1.59
0.67 0.5 1.92
0.78 0.59 2.24
0.89 0.69 2.58
1.0 0.76 2.9
1.12 0.83 3.24
1.22 0.91 3.56
1.32 0.97 3.9
1.42 1.04 4.22
1.51 1.1 4.56
1.62 1.16 4.88
1.72 1.22 5.22
1.81 1.28 5.56
1.9 1.33 5.91
1.99 1.39 6.23
2.09 1.44 6.57
2.17 1.48 6.89
2.25 1.54 7.23
2.32 1.57 7.55
2.41 1.62 7.89
2.48 1.65 8.2
2.57 1.7 8.53
2.63 1.72 8.83
2.71 1.75 9.15
2.78 1.78 9.46
2.86 1.81 9.78
2.93 1.83 10.07
3.0 1.86 10.38
3.06 1.87 10.67
3.13 1.87 10.97
3.19 1.89 11.27
3.26 1.89 11.56
3.32 1.9 11.82
3.39 1.88 12.07
3.45 1.89 12.37
3.5 1.87 12.66
3.56 1.87 12.92
3.62 1.83 13.16
3.67 1.84 13.43
3.73 1.82 13.7
3.79 1.8 13.96
3.84 1.76 14.23
3.9 1.74 14.46
3.95 1.7 14.69
4.0 1.67 14.95
4.06 1.63 15.21
4.11 1.6 15.43
4.15 1.56 15.65
4.2 1.51 15.9
4.26 1.48 16.15
4.3 1.41 16.36
4.36 1.38 16.58
4.4 1.3 16.8
4.44 1.26 17.04
4.48 1.18 17.26
4.53 1.12 17.5
4.57 1.06 17.7
4.62 0.99 17.9
4.66 0.92 18.13
4.71 0.87 18.38
4.75 0.78 18.56
4.78 0.73 18.75
4.81 0.64 18.96
4.85 0.57 19.18
4.9 0.48 19.38
4.94 0.4 19.59
4.97 0.32 19.79
5.0 0.21 19.99
5.03 0.16 20.18
