13.5 -325.0 1 1
8.5 -373.0 2 2
19.0 -322.5 3 3
11.5 -412.0 4 4
25.5 -323.0 4 5
56.5 -314.0 7 6
84.0 -477.5 8 7
110.5 -479.5 12 8
107.5 -483.0 14 9
117.0 -478.5 16 10
253.5 -430.5 16 11
315.0 -412.0 17 12
118.5 -475.5 18 13
369.0 -384.5 18 14
419.5 -367.0 19 15
132.5 -475.5 20 16
466.5 -349.5 20 17
510.5 -336.5 21 18
549.5 -324.5 22 19
585.0 -314.5 23 20
620.5 -306.5 24 21
652.0 -299.5 25 22
137.5 -186.0 25 23
682.0 -295.0 26 24
708.5 -290.5 27 25
734.0 -286.5 28 26
757.5 -283.5 29 27
108.5 -394.0 30 28
947.0 -383.0 30 29
761.0 -359.0 30 30
779.0 -283.5 30 31
1184.5 -222.0 30 32
637.5 -203.5 30 33
517.0 -180.5 30 34
766.5 -165.5 30 35
1217.5 -170.0 30 36
1265.5 -152.0 30 37
114.5 -397.5 31 38
1110.0 -379.5 31 39
800.5 -282.0 31 40
109.0 -392.0 32 41
819.5 -282.0 32 42
166.0 -421.5 33 43
109.0 -390.0 33 44
837.5 -283.0 33 45
168.5 -413.0 34 46
854.5 -284.5 34 47
147.5 -189.5 34 48
870.0 -288.0 35 49
102.0 -191.0 35 50
231.0 -181.0 35 51
140.0 -183.5 35 52
885.0 -290.0 36 53
201.5 -376.5 37 54
898.5 -293.5 37 55
153.5 -313.0 38 56
1189.5 -216.5 38 57
631.5 -177.0 38 58
536.5 -153.5 38 59
1253.0 -159.0 38 60
924.5 -301.0 39 61
935.5 -305.0 40 62
131.0 -472.5 41 63
947.0 -309.5 41 64
117.5 -344.5 42 65
956.5 -314.5 42 66
115.5 -346.0 43 67
966.5 -319.5 43 68
115.0 -348.5 44 69
975.5 -325.0 44 70
120.5 -344.0 45 71
983.5 -331.5 45 72
116.5 -348.5 46 73
992.0 -338.5 46 74
112.0 -391.5 47 75
119.5 -348.0 47 76
999.0 -345.0 47 77
163.5 -321.0 47 78
191.5 -439.5 48 79
1007.0 -351.5 48 80
166.0 -324.0 48 81
191.0 -451.0 49 82
1012.5 -357.5 49 83
174.0 -342.5 49 84
165.5 -309.5 49 85
185.5 -455.0 50 86
1018.5 -364.0 50 87
174.0 -309.0 50 88
176.5 -459.5 51 89
1025.0 -371.5 51 90
131.5 -471.5 52 91
172.5 -467.0 52 92
139.5 -436.5 52 93
1030.0 -380.5 52 94
1034.5 -386.0 53 95
178.5 -464.0 54 96
1038.0 -379.5 54 97
179.0 -307.0 54 98
