19.6820378769 44.0274647881
20.8529594087 46.6467416553
19.9088644299 44.5348613359
21.0303929153 47.0436491052
19.4194868806 43.4401549364
20.679073284 46.2577694725
20.3942696489 45.6206818858
21.4738542187 48.0356437879
20.1189905592 45.0049001
20.9813983885 46.9340514702
20.1897932484 45.1632812049
20.6357258749 46.16080408
20.0078904832 44.7563763082
20.5262937885 45.9160114747
20.3244519615 45.4645041671
20.879021099 46.705039996
20.6210781192 46.1280379838
21.1768364479 47.3712339577
19.7143903637 44.0998352397
20.1951973243 45.1753697784
19.6295097465 43.9099627069
20.4280221399 45.6961840576
19.3306907809 43.2415237185
20.4304963081 45.7017186143
18.5454384492 41.4849642811
19.8289826006 44.356170773
18.0267530726 40.3246981391
19.053944648 42.6224602508
18.5078441438 41.4008682149
19.0831748859 42.6878464308
17.7051796918 39.6053589735
18.5053588411 41.3953087512
17.2441632326 38.5740945258
17.7545430597 39.7157816827
17.4599664053 39.0568324742
17.3675759604 38.8501609352
15.5579437303 34.8021289281
15.045645536 33.656150506
17.714651283 39.6265463196
17.0767843784 38.1996786926
15.4264830329 34.5080597234
14.6328033407 32.7326488173
16.1400149335 36.1041851259
15.6943877656 35.1073455421
15.8797711998 35.5220364737
15.9390993527 35.654749772
14.009553586 31.3384788233
13.7342285698 30.7225943028
15.4757096052 34.6181764294
15.4002679609 34.4494182774
13.3182378815 29.7920496359
13.5104773627 30.2220771078
14.7183140396 32.9239308028
15.3324938835 34.2978119842
12.8411286263 28.7247866287
13.5080145844 30.2165680296
13.6992647149 30.6443823871
14.2913672063 31.9688779376
13.8509705761 30.9837387334
14.2521289494 31.8811044566
12.3416619416 27.607511476
12.6047430041 28.196007052
14.5090459531 32.4558114259
14.9540716312 33.4513055152
11.6225781779 25.9989669096
11.7701206718 26.3290100684
13.3223381708 29.8012217219
13.5552436947 30.3222165405
12.870674693 28.7908792975
13.055341126 29.2039663431
12.8213236687 28.6804842003
13.2546751537 29.6498638634
11.7417627545 26.2655752141
