35 3.0 2.06487553947 17.4664234191 0.366260145404
35 3.0 2.4891957417 17.4382926486 0.317094528399
35 3.0 2.34031228475 17.4785142902 0.300813194259
35 3.0 2.38665022016 17.4554108408 0.290196442018
35 3.0 2.30792233598 17.4753261504 0.280557121716
35 3.0 2.37296584335 17.4211370801 0.324570175421
35 3.0 2.58524907592 17.4198724863 0.282717080232
35 3.0 2.61129332055 17.44127317 0.325620728932
35 3.0 2.34074500663 17.4501345075 0.312924753833
35 3.0 2.5473003902 17.406191271 0.268960039657
35 3.0 2.23334020119 17.4353869601 0.3498032924
35 3.0 2.50225078031 17.4515635483 0.290236383144
35 3.0 2.38050931813 17.4337832553 0.321903802477
35 3.0 2.23635665302 17.447137852 0.274616370796
35 3.0 2.44462038479 17.4430760844 0.311499003887
35 3.0 2.24421619623 17.4456915045 0.305460896821
35 3.0 2.5429128285 17.4212165969 0.325238370137
35 3.0 2.29576310647 17.4593307973 0.29802679195
35 3.0 2.83163838583 17.4344277418 0.264901007223
35 3.0 2.11097816103 17.4701212554 0.283297330114
35 3.0 2.4296349165 17.4748558061 0.278054113635
35 3.0 2.12070283572 17.4432334039 0.277748254092
35 3.0 2.49106464745 17.4720538255 0.326403150861
35 3.0 2.0516500991 17.4767412999 0.281271240831
35 3.0 2.74126918813 17.4379624238 0.298577590243
35 3.0 2.61279839387 17.4612095961 0.274351231128
35 3.0 2.33712560115 17.4531429502 0.312161788385
35 3.0 2.33304453934 17.4145580524 0.286851009251
35 3.0 2.29170959784 17.4794307068 0.31270477645
35 3.0 2.34227494954 17.4491313077 0.283249487778
35 3.0 2.3205623704 17.4404335124 0.339275935681
35 3.0 2.46693488228 17.475683861 0.351381945039
35 3.0 2.45808975504 17.4750033663 0.325868542883
35 3.0 2.55021453862 17.4378072671 0.356461876481
35 3.0 2.31683375621 17.4598192486 0.304785888725
35 3.0 2.18155313523 17.4464722144 0.288592030105
35 3.0 2.46683615482 17.4078044467 0.28880616852
35 3.0 2.7835835707 17.4500244399 0.348918616132
35 3.0 2.47237028293 17.5050942174 0.370360302788
35 3.0 2.36999647779 17.4550179215 0.353620609827
35 3.0 2.29570028877 17.4118665504 0.345110230973
35 3.0 2.58061049355 17.4514593634 0.240988132729
35 3.0 2.25238275999 17.4290219019 0.303907018366
35 3.0 2.52076923471 17.4905385251 0.313068367756
35 3.0 2.28592451273 17.459969825 0.290433738962
35 3.0 2.67877567803 17.5123193071 0.285053437382
35 3.0 2.34367030919 17.4800050501 0.361103951344
35 3.0 2.3844530552 17.4475813028 0.328738390265
35 3.0 2.35708432334 17.4782120298 0.292513413492
35 3.0 2.52529981359 17.4691634511 0.340532186056
35 3.0 2.65631242657 17.4491651824 0.286803677066
35 3.0 2.26999964124 17.4632286187 0.305079616674
35 3.0 2.52194152467 17.4271966993 0.323871489189
35 3.0 2.27652969975 17.4448952269 0.279359355015
35 3.0 2.42660518232 17.4761489701 0.318160872971
35 3.0 2.60465678497 17.5013750342 0.285907364847
35 3.0 2.35378058461 17.4527071379 0.310662536683
35 3.0 2.32117523991 17.4770396162 0.317227266458
35 3.0 2.40261864951 17.4916686446 0.287972040641
35 3.0 2.68573927314 17.4752129863 0.362140916679
35 3.0 2.28618875522 17.4944588821 0.324221703951
35 3.0 2.29617011072 17.4709783583 0.309683251206
35 3.0 2.39290061126 17.4440649004 0.306341360742
35 3.0 2.30774138723 17.4836845297 0.330890836973
35 3.0 2.62404354053 17.4720388496 0.297877488387
35 3.0 1.99515151043 17.471798385 0.349033140591
35 3.0 2.46241764766 17.4852907539 0.312479712895
35 3.0 2.49014355678 17.4780463516 0.334826032166
35 3.0 2.5692962414 17.4553241136 0.282300373713
35 3.0 2.33216958048 17.459698134 0.275175673281
35 3.0 2.40842561228 17.4706027605 0.342608150633
35 3.0 2.52820117104 17.4726086208 0.283408652749
35 3.0 2.29168571789 17.4110289479 0.303562478029
35 3.0 2.68201398827 17.460653589 0.346051399724
35 3.0 2.22651200396 17.4669347029 0.270183675166
35 3.0 2.4185189548 17.4474563336 0.337197578728
35 3.0 2.35844399301 17.4336974853 0.296817399545
35 3.0 2.59543678569 17.4566968511 0.284003712215
35 3.0 2.32482564246 17.4748205929 0.316717309217
35 3.0 2.27907714712 17.4636109954 0.346009530708
35 3.0 2.32016792599 17.4301230926 0.387581990942
35 3.0 2.00637158127 17.4027275242 0.265904944759
35 3.0 2.28011350913 17.4509344572 0.324312965101
35 3.0 2.38310469771 17.4635195446 0.35010160819
35 3.0 2.49833102314 17.430581949 0.319517735518
35 3.0 2.59144355375 17.4286408159 0.319975620622
35 3.0 2.56398286467 17.3987197043 0.29926738074
35 3.0 2.21766420534 17.4867053391 0.286201528865
35 3.0 2.44254089582 17.4476621152 0.317417227039
35 3.0 2.16486418566 17.4497415388 0.275744044345
35 3.0 2.49795043338 17.4482090998 0.278880319793
35 3.0 2.47311912977 17.4030174062 0.276646067008
35 3.0 2.34654053891 17.4540129742 0.315941518094
35 3.0 2.42851800097 17.465367208 0.287876077434
35 3.0 2.28546646732 17.4293135757 0.302737650504
35 3.0 2.28481516988 17.4669660046 0.33063352201
35 3.0 2.4790961429 17.4570159244 0.278742686871
35 3.0 2.77428348365 17.455215834 0.362450826565
35 3.0 2.55292526064 17.4748961166 0.349527847704
35 3.0 2.34243244703 17.4610479784 0.342385120543
