0.0
0.118653501529
0.221515616999
0.309189375523
0.231480124889
0.374678241179
0.170305190825
0.247142845531
0.353707396097
0.239464436712
0.381157311607
0.343234166871
0.37358472662
0.393788178023
0.402842144154
0.424790624571
0.455075757774
0.513997242206
0.395745812716
0.535094275702
0.525868933885
0.370037073448
0.383649102237
0.391806587145
0.449927891255
0.370860382794
0.289653241655
0.396182274474
0.430488124191
0.370276341192
0.390642970571


0.0
0.100942042827
0.222258397442
0.188109408388
0.129913008787
0.173703443273
0.150663545648
0.275422268635
0.208144960265
0.253994424088
0.267339105391
0.27814390763
0.373841902131
0.422485575847
0.301544822076
0.311428385266
0.342172889797
0.286141981835
0.229456596588
0.435767660099
0.451525516352
0.369580652919
0.359546837975
0.399970744554
0.342262801445
0.555745138889
0.507381883025
0.404735475831
0.452448522461
0.409165980406
0.297958892607


0.0
0.0953160302782
0.131222456774
0.12642952119
0.129354162785
0.111862684234
0.257496454267
0.218075960417
0.225096842238
0.213515155496
0.278185672538
0.275730612817
0.297459943809
0.27545690442
0.388373012529
0.312296355547
0.328396965037
0.299433168795
0.354211459703
0.459643088576
0.490409805004
0.329387801846
0.372187183348
0.388667703328
0.380769696106
0.364176357318
0.310132642473
0.384905391348
0.446351122094
0.321109163039
0.478730215174


0.0
0.0402547933709
0.0715637243046
0.109326244074
0.117585835421
0.153334477828
0.246193386553
0.0981100842093
0.13316318005
0.290952938372
0.269114340511
0.271020115401
0.269296960135
0.287643098381
0.287004015575
0.309219756056
0.299366423799
0.398724653868
0.370648742599
0.382508941886
0.417913002722
0.423951898808
0.357597517805
0.438353053099
0.52266483752
0.303245962317
0.351874937341
0.428517523311
0.418223765502
0.329374215309
0.265409369581


0.0
0.106065991037
0.0813822958827
0.09381983344
0.237266975165
0.137270810059
0.10884668421
0.213058376407
0.251750525431
0.2299585564
0.297991579515
0.27642740944
0.243791551203
0.363430791666
0.276361239696
0.291431049645
0.35990930653
0.305230701349
0.325514867771
0.311789770918
0.40285984374
0.501070130011
0.40411163932
0.264389370721
0.37722932077
0.293283880591
0.450125265558
0.217374989067
0.207252330663
0.310502558338
0.432206439445


0.0
0.0549819958881
0.0871971537115
0.110466037681
0.211805085841
0.305134728906
0.183140348605
0.236739044293
0.275482827801
0.30189995938
0.274454241569
0.398477635543
0.312530466078
0.388284584705
0.292306243055
0.317606841459
0.290499457457
0.370252933748
0.383303439503
0.462836372046
0.36822215665
0.384513304101
0.387424500852
0.442561667225
0.457011347312
0.461066332997
0.325461006246
0.429237789972
0.336788664088
0.37817542866
0.327078723459


0.0
0.0698167873698
0.0258505685476
0.0358334169885
0.123999699316
0.0627874538174
0.135612324922
0.170590306543
0.276201281849
0.236753870384
0.229896990501
0.238997730258
0.336963586543
0.306509604815
0.353011829357
0.37409869686
0.304580075904
0.314409883787
0.364899310632
0.3370629501
0.502497431539
0.343035151474
0.320110949087
0.403958985299
0.399739634844
0.332856847291
0.488211780555
0.356616658395
0.379082837527
0.369423967707
0.247968907895


0.0
0.14340266574
0.130450330676
0.211051046504
0.109138336458
0.24361188691
0.136603281705
0.341831916892
0.199956689319
0.281658320779
0.320802258649
0.288996384862
0.331862893172
0.270484002253
0.363157413413
0.404764574174
0.257015960222
0.375748700198
0.421237529084
0.359882681523
0.366384542619
0.385316430739
0.482853343548
0.396608616091
0.411208483081
0.532262464703
0.439627713118
0.294727261961
0.430925222539
0.375998847971
0.418225957158


0.0
0.0738955778152
0.13856142658
0.0802970003798
0.234912191468
0.26021941343
0.198997666775
0.275166732888
0.299684856913
0.220893820678
0.243215455141
0.242170470679
0.316705841324
0.378126353917
0.274456927942
0.371150442828
0.410035083923
0.338795193833
0.390095020185
0.315915278995
0.416467620158
0.360038738253
0.476594539868
0.426108958543
0.369935790342
0.448929168797
0.421691779757
0.415270096848
0.346891681236
0.330957123481
0.2123876914


0.0
0.115266525459
0.0839665427672
0.0732326288059
0.131539814851
0.086133967915
0.168294971259
0.21041947898
0.178574782614
0.23449370515
0.290691053626
0.25987401783
0.227833246321
0.29957400383
0.268080977038
0.365407561256
0.298206267898
0.318761559367
0.335058199857
0.324297439637
0.364444699838
0.287543502785
0.346491251292
0.383621933822
0.439654391914
0.330592557408
0.249090416748
0.340999360615
0.294458826657
0.333517598786
0.242417201708


0.0
0.117700426443
0.123401948677
0.0716656170548
0.257478324941
0.288846043155
0.228204596777
0.254745252656
0.265002380302
0.30462256733
0.272510509356
0.341026998903
0.339990064537
0.42188947869
0.406551630536
0.248971034894
0.424974979726
0.432307329236
0.379819391407
0.338497584305
0.381438544551
0.35573853353
0.383800741291
0.474158117028
0.453248291668
0.497323839964
0.476954875082
0.45454330372
0.336747729184
0.495525656149
0.509875419327


0.0
0.130252482653
0.114128464144
0.126162080619
0.0960895804962
0.166727416462
0.150977587031
0.217928153579
0.216831304727
0.120485821001
0.308415658794
0.355549681988
0.195408939635
0.361390702865
0.388924169049
0.337135183624
0.353376229321
0.344622323256
0.294546398636
0.454507667845
0.326200309194
0.323572356926
0.377540317256
0.340944152807
0.343467293581
0.377156309971
0.361824665924
0.49225939825
0.350377985789
0.310686088582
0.343741313767


0.0
0.0982827053044
0.129413340824
0.202517461508
0.159749690786
0.2548132302
0.239022520889
0.21483502923
0.318205041598
0.298601186446
0.357310955015
0.241861733404
0.230684798428
0.36434414541
0.239398687034
0.271849998561
0.330347263318
0.328789414013
0.365849023272
0.350851467848
0.397205204219
0.406124086075
0.491868738517
0.436343069892
0.499473875091
0.401343523589
0.352465545342
0.435103497047
0.545255597524
0.258188047262
0.309722145842


0.0
0.0509325337812
0.0475967763576
0.0791426629999
0.176948370462
0.191624771453
0.217917754427
0.12390534045
0.176297340113
0.247783498541
0.203310145682
0.257252960065
0.219796704445
0.373863418991
0.199090620672
0.298395793772
0.300487317079
0.292562329494
0.405562694778
0.350431854313
0.306350984969
0.468065835612
0.448076332044
0.410091442147
0.366038229015
0.398139298183
0.353774833535
0.288907498366
0.233802258851
0.355890193477
0.285353271935


0.0
0.140746083671
0.112037509892
0.132561102146
0.234183781546
0.111922595072
0.16725627
0.195895943539
0.303785339395
0.213508012611
0.27898989813
0.179533753292
0.281978082939
0.277781000965
0.361379718409
0.447592476475
0.342374143946
0.308005888559
0.379813389585
0.497104680002
0.395330470099
0.390152890994
0.447393586623
0.430599015165
0.414339301986
0.315432425508
0.370493380121
0.345548462098
0.365117241542
0.376656645704
0.375917437737


0.0
0.0933451452465
0.131483537439
0.0783770482859
0.184172294826
0.20433087057
0.219045581662
0.16666818398
0.200512708913
0.28066820979
0.350771944878
0.313302257885
0.319148489685
0.286253528616
0.317783239195
0.441159409381
0.280244117877
0.322571660128
0.32161653634
0.396572842679
0.320148265278
0.329861827984
0.483227075026
0.400072742769
0.366833046821
0.411901692767
0.421035918217
0.380142907272
0.431943171642
0.295913601876
0.291815981412


0.0
0.113063771049
0.145677437219
0.128893933588
0.191622660579
0.275179411369
0.165333685113
0.151162523494
0.232197785909
0.335438285145
0.315495978484
0.225502398363
0.355753661311
0.23397549056
0.430032742814
0.299092989967
0.411210377894
0.357172348058
0.424887416383
0.342147735725
0.261941965784
0.481254838431
0.438892434456
0.397446559333
0.489462228516
0.407536145736
0.47284010624
0.40342440481
0.399115175022
0.368601122394
0.387510947794


0.0
0.0894219262793
0.11055297094
0.0959127724419
0.174310465929
0.166666454284
0.224568636564
0.281327531032
0.281615599519
0.298952132008
0.331454051086
0.307346012623
0.286342866973
0.276313152455
0.26151733375
0.300600390586
0.343692913131
0.461799574615
0.435859199953
0.408856339161
0.354888719498
0.367758566817
0.483853056808
0.364158085175
0.326678552853
0.263401254093
0.357761915447
0.235253613006
0.374381620711
0.295840264672
0.281880193536


0.0
0.173881571397
0.0812266169978
0.135972104738
0.0945564174449
0.145243218392
0.133913783981
0.184966228363
0.146086112247
0.222845943006
0.244243894844
0.293379052056
0.322441813522
0.26626445887
0.275024391312
0.297988323789
0.420832623504
0.317743064831
0.343104055019
0.299860786169
0.308220862626
0.385351139613
0.335845121653
0.30264812286
0.196819007725
0.409176899585
0.27463823732
0.346116524391
0.347261344369
0.291652711889
0.28814419069


0.0
0.0511837519395
0.0594725165406
0.129681616606
0.104671377728
0.173433338143
0.149938330075
0.294625541379
0.201847979264
0.149655301565
0.302038808619
0.310640777562
0.321890443884
0.139405954427
0.323110092748
0.336074067106
0.300048762993
0.386981864146
0.342928555152
0.428644864311
0.326670332259
0.415319896011
0.441035589314
0.39138369111
0.32384366736
0.383966915298
0.35688456829
0.401156027329
0.304970458661
0.295202138567
0.291988287955


0.0
0.0228552396957
0.144185892822
0.0938027548317
0.156933362273
0.206471177039
0.126339435628
0.13572736663
0.191219385679
0.167171325033
0.315187969636
0.287897282026
0.245746988706
0.316946026253
0.367277864294
0.402014177899
0.368735299561
0.353456282502
0.350724971091
0.338501540389
0.33997749667
0.326126826663
0.345674802818
0.296492128324
0.301595828605
0.421982778346
0.420801948715
0.384702181347
0.294777519479
0.196657909934
0.351841443783


0.0
0.131412626721
0.109287831781
0.109594416516
0.154240815235
0.199464039295
0.15751327357
0.196668683362
0.202949150942
0.326852025017
0.182184989548
0.32988976191
0.26302228314
0.202330165457
0.243606345836
0.320316554908
0.269616323766
0.341751216556
0.293000690985
0.3352539084
0.452346463901
0.419651507304
0.372811010339
0.335336032692
0.355253688871
0.310598234353
0.406406410508
0.317576874207
0.306693871788
0.291194367075
0.291984631918


0.0
0.0984667352737
0.0751486034383
0.143916890078
0.15052116957
0.176628243917
0.189732310798
0.251569149944
0.196321182917
0.260550300906
0.275663742072
0.296211478569
0.337108263087
0.311260926953
0.324985087155
0.295837095879
0.311972338929
0.3156978447
0.506478369708
0.354163454731
0.404448243293
0.43553297364
0.456336837025
0.456731291338
0.485654195742
0.448012522357
0.488370095641
0.425974016678
0.464308261174
0.39972810036
0.413490230835


0.0
0.0676075851898
0.0869105030426
0.0856987400006
0.123220400403
0.0870218920125
0.176664443894
0.2396739396
0.234265390424
0.249574223818
0.289388527522
0.255436680583
0.252453760364
0.33609637252
0.227595855431
0.248725624185
0.386280909595
0.326718227643
0.321468778057
0.336894544249
0.346764337817
0.423869186503
0.284448431583
0.40923319589
0.363727989807
0.336374204424
0.420580070378
0.33579872996
0.41256260446
0.383666272202
0.326764296138


0.0
0.185835385084
0.153702966746
0.196457951136
0.283449553118
0.27448569442
0.212827980339
0.307454334828
0.29855231779
0.222745133128
0.248065925601
0.309797658938
0.253544726051
0.286427393613
0.279754639315
0.33824448072
0.290811111029
0.193839122037
0.472187951845
0.217459967982
0.471918953569
0.356285068006
0.30846323564
0.314230094325
0.279739356437
0.39274129607
0.363744565718
0.300140510852
0.39215680188
0.293642317187
0.410150693858


0.0
0.154725780067
0.0636762981044
0.110888985567
0.133986186297
0.141467268169
0.197213746792
0.16102610052
0.199263779652
0.279638098192
0.261767555827
0.283269721364
0.176760118171
0.294595298931
0.28336890095
0.320777405636
0.311517996084
0.326628243117
0.36012943824
0.369715683594
0.43382352917
0.374939451795
0.287735404873
0.434087766876
0.315216850011
0.355304236419
0.214629335245
0.460466848199
0.278406605159
0.346310637684
0.285699546293


0.0
0.0905432360811
0.0990907842237
0.142753402091
0.143266761089
0.219122664767
0.178825740514
0.410431832126
0.231340412991
0.231666845942
0.255723175299
0.336474869302
0.231705799773
0.312234854308
0.276586911909
0.374522998188
0.343536153389
0.349307983851
0.448589327587
0.425971007851
0.360451209582
0.410386837501
0.337484207588
0.487125627544
0.365771073727
0.386811005696
0.373367741971
0.438880437177
0.194344679069
0.40793434875
0.426980672405


0.0
0.05647849378
0.103186904041
0.0751975966946
0.173304576676
0.173564197496
0.191572331365
0.192523721512
0.252132280645
0.23930292282
0.308757010526
0.274985300919
0.201061957665
0.273290914828
0.360859512598
0.351122857412
0.232567832186
0.292849413225
0.340202799395
0.298570262586
0.287030615562
0.45073436106
0.487867346028
0.40368879594
0.341090527461
0.322717481757
0.398310112619
0.377463616416
0.324318914274
0.23197122211
0.478399704721


0.0
0.108372290554
0.143488025848
0.0821044499066
0.124168755278
0.146352183683
0.216046419526
0.198206105918
0.228585909114
0.301909395051
0.235321499938
0.31585780217
0.216150077655
0.313328768848
0.337519138034
0.28732151377
0.444356860752
0.390559083611
0.451008073263
0.396151400232
0.474507468838
0.382963959211
0.464874500478
0.381262546515
0.386724219403
0.349138766913
0.367939489234
0.417430186441
0.40533296641
0.367216197556
0.435768667141


0.0
0.0881802901315
0.0672258140514
0.14917479477
0.167496582377
0.0989430506886
0.171045657459
0.211526009669
0.14045390031
0.25953121912
0.250692733769
0.240372114727
0.360039860991
0.317433697136
0.197607225477
0.369831691308
0.39603098564
0.31689513472
0.401094273761
0.364675398534
0.27876849245
0.389755056126
0.347682436223
0.402282684831
0.396071991436
0.34245830914
0.360522573908
0.306070242793
0.288387851984
0.3481945729
0.371850291042


0.0
0.0915553218012
0.133813760569
0.238421355289
0.136648797669
0.25702416134
0.227083007903
0.239138919795
0.274185830833
0.245277554819
0.194016406717
0.327725901795
0.328665148004
0.424183073786
0.370161258013
0.403933700497
0.364947461662
0.359613239066
0.340535908741
0.460824081547
0.414778517774
0.524752618876
0.436614452116
0.431993117928
0.412411796028
0.405401842868
0.427045532739
0.373564067962
0.464051691786
0.375224494338
0.359460089975


0.0
0.132207493298
0.207307485541
0.246678305367
0.209620181096
0.235093554877
0.331680791633
0.229078651675
0.337188146103
0.305031549988
0.371814213303
0.262471945599
0.342494658435
0.323509410696
0.3877982093
0.373959507455
0.378186328868
0.454799756517
0.388498131788
0.39990381333
0.43047713879
0.372170599306
0.437835773322
0.544359002646
0.462279516761
0.394787406341
0.44282777871
0.415527444577
0.29167107032
0.418218483198
0.409929033764


0.0
0.135211859478
0.14111047118
0.112160018045
0.15034958641
0.106574998236
0.202546306069
0.247294947316
0.224434134119
0.244449140182
0.25933652286
0.328628992607
0.335128138196
0.350440955021
0.288064624366
0.409602187718
0.425121857056
0.478446407505
0.531198860108
0.469690379544
0.439085508292
0.487880906141
0.410711983115
0.415664365408
0.405688657298
0.410686504526
0.474325824802
0.451643264737
0.294625664611
0.261399294026
0.231119015058


0.0
0.169913416213
0.191303935475
0.224254201163
0.109976489094
0.243155273798
0.38566817991
0.122212769697
0.271248764356
0.262502761515
0.383734789862
0.342724996982
0.30785905675
0.421393027429
0.286835459451
0.39361241788
0.394076224507
0.34481918541
0.422623572051
0.445710716911
0.494524959877
0.421526491487
0.445031356021
0.55639687825
0.412986052563
0.458625438595
0.414542550628
0.448341841125
0.420386740144
0.409686442637
0.424772760523


0.0
0.0705710513798
0.120515487809
0.0986853296972
0.13535451443
0.0897155600301
0.155385470889
0.214689438939
0.220544877872
0.209648596255
0.311032755352
0.324822898355
0.36352417962
0.404678644629
0.261197508976
0.31268747608
0.414950516858
0.353503822471
0.507633319882
0.306129228403
0.392332046985
0.349909360031
0.504438610718
0.47936254188
0.316869952817
0.360417652416
0.344660780369
0.412197937149
0.377607568747
0.3064902746
0.366111170695


0.0
0.160212480127
0.179006947852
0.178552003336
0.243358863511
0.179199225804
0.210610560066
0.266918228782
0.271812744613
0.232982035159
0.256518511807
0.286375378501
0.323594624708
0.344126773441
0.372628296649
0.312343177624
0.293102761884
0.3177565487
0.273877132284
0.425762379998
0.281705125257
0.432066069419
0.300648547752
0.370227409502
0.349045432325
0.288256464401
0.283473333802
0.188068120027
0.302900029616
0.260655741647
0.306993146357


0.0
0.118843409968
0.0186995328486
0.124316099696
0.172323373689
0.155059105775
0.197999984489
0.222976068882
0.223814837277
0.128657035979
0.287956697408
0.273756920377
0.238227398662
0.257286629436
0.377022532304
0.321099468563
0.45088653463
0.273693842061
0.380063653346
0.283038765184
0.312932125471
0.438204701697
0.336576266156
0.408630242418
0.392927752271
0.378447459422
0.276768916595
0.41006978045
0.326502855567
0.464222392148
0.321183061947


0.0
0.152347449981
0.142456307748
0.242264218362
0.218585617566
0.178282643694
0.311987817434
0.190124198324
0.271351842536
0.308839583847
0.257844773683
0.273831025955
0.356787714124
0.357563808049
0.400797680968
0.38713037268
0.37367184101
0.351669417596
0.468046045362
0.485948751353
0.576779018263
0.464888914712
0.430938620226
0.44754545341
0.372070245788
0.480567424005
0.50696058751
0.412109272153
0.272873940129
0.34880602067
0.38321343169


0.0
0.0480247683222
0.183103127076
0.156769719229
0.203226278817
0.254365304943
0.375688144478
0.290776054507
0.249518051899
0.288789951458
0.360498394018
0.422963491107
0.360061960867
0.408096078646
0.361342902001
0.422764630136
0.431129258626
0.452859310266
0.381151013058
0.563016328139
0.453735152093
0.532746540207
0.42340218281
0.413847752759
0.445805045535
0.387876273654
0.427630325714
0.505569832376
0.512951842866
0.343066951997
0.456895347044


0.0
0.10548477432
0.0855547465734
0.168855201256
0.225161343013
0.293185170796
0.287363012807
0.258990083952
0.340256204411
0.354680272392
0.370092289982
0.401458170762
0.343678981402
0.335376932868
0.366026676867
0.465951058417
0.412473158489
0.344206377114
0.408275006171
0.411634575861
0.349214098016
0.33229749348
0.481571758513
0.464809830667
0.359074128195
0.367075644694
0.567992829436
0.454048235756
0.410652315135
0.463626303276
0.326201296771


0.0
0.0858436680343
0.164748473768
0.132688905026
0.268821957281
0.294170675836
0.355480030205
0.252031553916
0.269069798022
0.280810873625
0.380561095259
0.201160393567
0.312221204709
0.348704354101
0.423926924861
0.48938445207
0.399640651126
0.30228116472
0.299842465511
0.389120564911
0.506480357353
0.389991373012
0.360224408034
0.386868108662
0.410351145971
0.466002966137
0.487463851306
0.396142512411
0.446215324111
0.359269813567
0.385146694563


0.0
0.0748793743311
0.0572432639302
0.126973053201
0.0766359857803
0.157340269267
0.0702615962965
0.0990623808165
0.0711475787231
0.184459276009
0.247764168592
0.310716874654
0.241449765319
0.228231925181
0.313644833422
0.247619593414
0.262044045114
0.385353571762
0.288229893703
0.348207153011
0.347938559718
0.351103135798
0.158585985307
0.329554954545
0.416091688398
0.306099794364
0.292391746925
0.265884866169
0.324914686
0.168052593189
0.401309412574


0.0
0.0996527794567
0.0971281695362
0.145129722891
0.138007521934
0.176827710432
0.1669421712
0.15118746654
0.285466977625
0.293308148378
0.295617261926
0.211499527347
0.356429595447
0.322262156045
0.283454080886
0.375985897664
0.344310909275
0.346982143122
0.361848623566
0.334814390728
0.463350970352
0.393294892955
0.366867674163
0.356045000419
0.398826716517
0.369954042582
0.327442398963
0.343629323937
0.431580980033
0.428543920965
0.331006032461


0.0
0.108754338418
0.0405433683826
0.157427064296
0.149279288958
0.201610367297
0.201261195984
0.251176135051
0.192326347584
0.277840402882
0.352487264964
0.247133864808
0.347973000699
0.280022647701
0.431168726422
0.374448610884
0.32416206006
0.441450005893
0.41734622692
0.333988645003
0.283435672434
0.397029824035
0.428716448052
0.406326849264
0.55281963289
0.321617904352
0.342078639805
0.434860799391
0.373575722361
0.284823843628
0.360040394194


0.0
0.0403297066021
0.143669818923
0.0992741430182
0.0940858575757
0.149185194739
0.229550184244
0.227758541495
0.201733441239
0.251643838359
0.296700510795
0.126468391426
0.241501620799
0.259295396412
0.354692558603
0.338503434728
0.316687494086
0.402359561786
0.328846972513
0.518635523388
0.38240417179
0.382454052649
0.32386417986
0.366187991429
0.281316811528
0.315207544462
0.399499111463
0.377113962504
0.389593979504
0.469936876094
0.320591684987


0.0
0.0799813027422
0.10103061343
0.156832681777
0.135098141489
0.14502794569
0.225146112121
0.267651581926
0.27021684109
0.253488318683
0.230161269389
0.364064973246
0.221094880091
0.310515029824
0.240272230087
0.374981749794
0.400791644509
0.347964336419
0.324649192019
0.386096854103
0.421723858926
0.396155944627
0.477297332573
0.400266843537
0.372559210126
0.231029616789
0.317320394056
0.42613945337
0.260922273059
0.16002481191
0.30106356513


0.0
0.146285419629
0.153656677669
0.168229937816
0.182849268746
0.292773798607
0.143197906053
0.249434086533
0.235178540259
0.374070204969
0.322415372854
0.340443425982
0.466382702358
0.391520313492
0.36777771089
0.407047761477
0.466971929421
0.394410752327
0.309601188847
0.432843663091
0.313051475574
0.494359742754
0.499556598352
0.489742599735
0.422171884037
0.467787512855
0.438458342746
0.39386596124
0.470794672192
0.476320930324
0.462572711453


0.0
0.0678489540233
0.245767848022
0.201222585451
0.191173481193
0.158403178867
0.258995860001
0.358682809443
0.314606254261
0.29952197306
0.405698969853
0.328837733006
0.179380752907
0.324278122621
0.334043241858
0.250237980118
0.366886998844
0.337396622166
0.366657616339
0.358127526232
0.540137526876
0.398891999487
0.337823290959
0.466733836079
0.473317693301
0.302670842145
0.391002901178
0.362714486147
0.442913099336
0.345177125652
0.352335343688


0.0
0.0769219808736
0.0629905508856
0.104276428227
0.13726477634
0.166385266388
0.166825634937
0.147645151771
0.201379910306
0.219446541203
0.307892129909
0.278678583394
0.420220713728
0.321085866316
0.306516162538
0.280033186911
0.310109218112
0.280019371019
0.363835616539
0.358819756099
0.403838456033
0.37182252962
0.443877622073
0.398679832623
0.423144772206
0.424003427967
0.41006632602
0.411630549452
0.29383230836
0.334057602643
0.311434735904


0.0
0.077010607917
0.0930238834581
0.172368073887
0.211580042994
0.238770488485
0.162367945747
0.244868247287
0.291532864483
0.383309134025
0.369348262105
0.282153632523
0.353161388227
0.444229173137
0.410864421092
0.482168880014
0.394759053874
0.35524868065
0.344717277574
0.466809773404
0.358982269652
0.375899779244
0.407024118993
0.380728755964
0.444788429366
0.437619025479
0.460678843023
0.330166713867
0.385284959169
0.407755907323
0.402153934645


0.0
0.0660111270937
0.117467401086
0.10543079762
0.173396052528
0.0942978441697
0.0995837546093
0.183565261172
0.211378800611
0.236165967993
0.29980206354
0.24834843993
0.316539410801
0.324137510261
0.284827615018
0.340835359555
0.444878158948
0.352164332411
0.36735312134
0.318940562174
0.353701572462
0.519065117727
0.259649978837
0.302172983617
0.353428441146
0.360797209562
0.237251182975
0.439677210959
0.420273300842
0.293444114412
0.405178031698


0.0
0.0954388117952
0.162881242437
0.156410917948
0.14516749827
0.148030284955
0.209988041021
0.270542972915
0.273290013927
0.234031398049
0.204109002061
0.285663829563
0.209115302496
0.328645920326
0.356433024124
0.328162218709
0.27558616581
0.342514465098
0.443202788723
0.499987056825
0.345738305755
0.36459504295
0.439114841906
0.366664633892
0.452230375436
0.273479824608
0.454482165951
0.299788076603
0.39668498731
0.433096258741
0.303838273852


0.0
0.079327185957
0.0937828328407
0.0962692826812
0.163642904692
0.196634672061
0.251762384758
0.212672076083
0.23958727574
0.280589567286
0.253716097745
0.352773535806
0.244842050781
0.394461167448
0.298955912076
0.333157105552
0.322211713885
0.341824033166
0.44275778022
0.34892868453
0.532569578133
0.453418587136
0.502879403362
0.320257044902
0.407459321615
0.434276283042
0.458016767289
0.454168135046
0.349880305459
0.446735131181
0.327465387532


0.0
0.0789644559999
0.115642369198
0.0251606447904
0.1545628495
0.103202020911
0.240957248681
0.130389219477
0.299521302784
0.288225227477
0.199703625806
0.342519843531
0.234338057056
0.324950980513
0.130262506599
0.375452024461
0.358034495308
0.36629179255
0.333237088035
0.374260759551
0.382523608874
0.347720451268
0.337715909549
0.312668903905
0.453802756029
0.291999520439
0.429685227268
0.345421520913
0.323656643266
0.310310437239
0.203674933945


0.0
0.115504951176
0.131607468891
0.155911551348
0.124888936448
0.196918134843
0.198242154833
0.272682053385
0.24999886668
0.241811294036
0.286866289087
0.365840120801
0.270254477131
0.329855717869
0.398642777876
0.300070029005
0.309332813319
0.339530256246
0.462138040512
0.350088961725
0.358431482412
0.431283196023
0.371325656998
0.382969012415
0.486012111712
0.503587642099
0.316125141101
0.372736185475
0.392823851502
0.457334784574
0.332819556449


0.0
0.0768688563864
0.0567374712399
0.0853688137503
0.119019960719
0.278031413216
0.127803997713
0.145271566957
0.0722115601732
0.294235742633
0.237821716146
0.296622057734
0.342590463277
0.335175131362
0.262885668824
0.355383663129
0.388784922983
0.394573092248
0.461522912345
0.336397694555
0.255662726482
0.439863785518
0.423517785887
0.271472875859
0.447617333835
0.290953242648
0.284792988995
0.380742873364
0.33515196541
0.413577409553
0.3429472102


0.0
0.126912817686
0.10086696097
0.103338156348
0.0709438002997
0.153689721916
0.116132001123
0.151765340342
0.295837753852
0.2063552948
0.282076642705
0.273766472443
0.396518557977
0.291402594445
0.46616768334
0.403567371349
0.380581294049
0.388108099138
0.403252114985
0.326259872897
0.488251705791
0.485729625253
0.357580536138
0.410743792897
0.365065130483
0.338633487438
0.348591069369
0.581807169779
0.32733069971
0.322808966934
0.336655773296


0.0
0.0616906749217
0.15564879602
0.107447452292
0.183716309056
0.154299782258
0.263175218921
0.274104429669
0.259553692175
0.22264472492
0.301118406438
0.30486080653
0.272238146847
0.379432514334
0.319266460855
0.33924892538
0.333991616657
0.391663393441
0.358490614441
0.362457034239
0.436295730348
0.386849616644
0.33047813864
0.434255669494
0.534564765103
0.407596642898
0.469421247409
0.441095839879
0.418732364252
0.303769379376
0.34259318454


0.0
0.0551441081493
0.0630773294205
0.128914468603
0.0667305180242
0.0934227317308
0.213949550291
0.169227189718
0.253386808695
0.244502589942
0.302027884145
0.311760586634
0.267878998556
0.31187675229
0.339093348346
0.254533318359
0.437224185144
0.401496967217
0.443609972828
0.255565996743
0.313140900958
0.344806616492
0.41855872794
0.408076763378
0.392751124656
0.525075865479
0.430668429353
0.366530685688
0.325063390589
0.327431155797
0.225938624359


0.0
0.128236964639
0.181574848187
0.134218297183
0.147341589743
0.242784322003
0.282802677437
0.314771529303
0.304056955067
0.258155089768
0.380945771753
0.230618621571
0.460216066682
0.314898893817
0.452343831651
0.391314818622
0.421415359113
0.503706954404
0.471570160209
0.462923109026
0.42675046749
0.486260427076
0.493324875314
0.414695188847
0.506802925222
0.417100761646
0.452557644893
0.427808473313
0.312450647912
0.37287757699
0.427310841377


0.0
0.0796434205194
0.170051159305
0.119308212413
0.173510795931
0.247395737352
0.144102844777
0.243922452434
0.15984933197
0.253400492068
0.267782667715
0.436414348244
0.351181673192
0.385947058239
0.323236232162
0.39731147187
0.316560028089
0.321188111768
0.410016412654
0.487352030801
0.36801875087
0.482527373214
0.434156220763
0.350829231539
0.391066777206
0.377298302041
0.37758787034
0.463002988441
0.398679030637
0.321546818901
0.396571891878


0.0
0.12106005081
0.123528018425
0.194845978487
0.162129262156
0.164954815075
0.166889880102
0.222795963748
0.202179386495
0.235862691614
0.305035021962
0.325900049259
0.328485386503
0.287590134806
0.337614922937
0.364609108447
0.352181929002
0.393023706437
0.371741179097
0.341439644024
0.485134664692
0.341455849918
0.334099328201
0.39836650368
0.357476327998
0.437634086092
0.434028787406
0.273593070848
0.351910174405
0.37454873947
0.444508508708


0.0
0.0676845081385
0.149543091307
0.224748243941
0.163979665461
0.298420339161
0.170801649745
0.350083893403
0.199358656142
0.298907996184
0.223418725491
0.371298973685
0.281976541574
0.309986218326
0.305575620324
0.327180941378
0.440449792475
0.365249663813
0.349466775042
0.390348094584
0.38695274333
0.436556688304
0.351448593207
0.265176310135
0.422263747493
0.33192401734
0.280934560168
0.293205666301
0.351536157867
0.249859209817
0.392976538062


0.0
0.0619393765721
0.11240525673
0.11981205176
0.157888844854
0.173766439651
0.270482860444
0.272199934321
0.260530423828
0.381391091364
0.257628257302
0.330808226772
0.242081880468
0.283359241719
0.416818022295
0.445601755905
0.364854285576
0.427067965927
0.462570268663
0.506868198147
0.342278811954
0.396253177989
0.404126182704
0.381504399508
0.466865496301
0.452282813017
0.349188982547
0.323405135384
0.374758258515
0.475262902135
0.396657273241


0.0
0.161514101805
0.156810505612
0.134752769438
0.110759458605
0.178394699248
0.145648943983
0.246991624254
0.230784876268
0.324107611647
0.241649832359
0.274358658922
0.35910394915
0.351003570156
0.358575931454
0.28112685584
0.341054662692
0.339235476911
0.30584687544
0.41629167732
0.349132280648
0.364615186027
0.437211200389
0.372951070698
0.389245266585
0.364470512285
0.46968952762
0.309400175585
0.37618750332
0.285340989667
0.23467359108


0.0
0.0885777200589
0.115791287448
0.12921086536
0.143400095611
0.200587372236
0.260833710237
0.173635575085
0.305113090711
0.24628330456
0.306639188406
0.352003709868
0.374745646419
0.337255620544
0.394005362907
0.447641697368
0.397733935495
0.321493764767
0.444913312133
0.443698032468
0.490665230159
0.42944651419
0.381824707642
0.476210850281
0.497141616253
0.4361892448
0.509335599121
0.443093057755
0.435205690258
0.419307518917
0.458701992839


0.0
0.0265251898339
0.168899448271
0.140552697572
0.205324282409
0.171752749397
0.274057533814
0.160639965538
0.321136456891
0.242566089522
0.20801367991
0.2999335783
0.285894615749
0.307308422079
0.356399626918
0.422371905094
0.400283795688
0.364463052244
0.27851538087
0.462450299547
0.390903891773
0.440031722929
0.369943358816
0.359502945413
0.383922758648
0.373985632574
0.475572530292
0.300206659018
0.41843085154
0.36060031161
0.329674567772


0.0
0.104849423036
0.0956794477039
0.211056979019
0.0964411179159
0.208676892782
0.285702198868
0.246158199683
0.295579713041
0.310472566032
0.355138086407
0.357912725453
0.247876978376
0.334495175067
0.368932110255
0.518536436353
0.466724168829
0.435693221469
0.323521646469
0.392737085782
0.427402140424
0.489368985776
0.385499929098
0.409577902468
0.398179563604
0.490349448986
0.357039099345
0.330029695399
0.420394788851
0.378104532805
0.250264087473


0.0
0.114807512733
0.0322308260586
0.0958597302139
0.172856394427
0.151302593078
0.207454707753
0.282571355092
0.25033191706
0.278406516178
0.260587663263
0.198403265448
0.272434990659
0.288502440462
0.313476487248
0.27057321195
0.392260882827
0.380964572544
0.27092300377
0.256447874133
0.287967647972
0.385697329369
0.42577094859
0.252220934915
0.455339659854
0.403868796979
0.282617479877
0.384032657752
0.336518781636
0.265269502931
0.40318058574


0.0
0.0794681862036
0.0810524206759
0.0879378178579
0.0858863868971
0.162100967457
0.16748619311
0.180526813481
0.157328405604
0.201540418947
0.334280005793
0.201485198486
0.217749486966
0.174610737503
0.35609278934
0.387182288262
0.329507361862
0.431441167998
0.443886283077
0.274159687345
0.330132433551
0.427278260225
0.431372867871
0.317331989499
0.329646268122
0.355275249033
0.324020166592
0.331171776353
0.300496932424
0.358443257758
0.331525410464


0.0
0.128450925137
0.103926034904
0.122598323592
0.140897194735
0.198275615926
0.184018024201
0.276050230223
0.320108572535
0.311746681061
0.269859681358
0.337024310461
0.381634170112
0.37117014168
0.437550949994
0.351641812728
0.520775929082
0.466865999511
0.337785493979
0.315240648342
0.492949692803
0.440016245792
0.466153348288
0.489525368392
0.438021622484
0.384330508349
0.364443007728
0.449904905841
0.417169323661
0.394173860216
0.372844246916


0.0
0.0751773930231
0.0737954369856
0.13879822889
0.171652130957
0.128478914351
0.195309974878
0.235882515009
0.176645108913
0.27069048261
0.239224954766
0.288752813301
0.267218927672
0.193717066568
0.222340325755
0.354693679996
0.335301502285
0.310239654492
0.454275732464
0.336562155073
0.244233443533
0.38397744384
0.482848177216
0.388712861947
0.33568511657
0.444922833208
0.410572008565
0.387513933204
0.259506284512
0.365650394276
0.284018360434


0.0
0.117793780758
0.160445793032
0.138289194757
0.178829021419
0.200737305552
0.171124623061
0.189518974139
0.18983930974
0.23627818473
0.235265478292
0.278608028369
0.287102726353
0.387328599736
0.277354292412
0.318400291992
0.360382789066
0.420026338483
0.393486782815
0.442284077651
0.382522216809
0.273486041871
0.487142895162
0.306381178402
0.368716251581
0.397504570307
0.402561050578
0.367038048747
0.379908901124
0.308775176216
0.31966917493


0.0
0.187250729637
0.0911409148981
0.135220463118
0.27203148608
0.181914982336
0.196145280993
0.300635608807
0.172026955401
0.243888884057
0.320098936066
0.352783237164
0.455803447289
0.367100318782
0.420645448797
0.333834463395
0.388592204996
0.526543854208
0.389624427919
0.436794111278
0.521536564865
0.346093473986
0.583930541823
0.454867025718
0.42104559626
0.225454384599
0.34156221312
0.421810808102
0.412439109597
0.308496461943
0.488727065382


0.0
0.103218409746
0.073208491304
0.140741238796
0.0853326779978
0.21586228054
0.246329237663
0.101381929656
0.230687612623
0.230503295177
0.248790617553
0.172255749284
0.384167662487
0.240895922461
0.373008315119
0.198105321198
0.329057285559
0.299381041813
0.35514770415
0.350854034716
0.357049470902
0.340004288704
0.394509132115
0.355167239336
0.404633456007
0.274695093702
0.323488824575
0.396130561823
0.311039923078
0.215169362374
0.245864939169


0.0
0.174071806448
0.218813072101
0.171238899025
0.219786933965
0.215599870177
0.224836325781
0.288587123099
0.230002324623
0.301759326573
0.288577966185
0.245163189943
0.363301294441
0.344297071365
0.307343441207
0.390081442795
0.430450946682
0.382913947843
0.417158977808
0.342636513342
0.431580398052
0.394545813403
0.501629029318
0.477591190542
0.519196468134
0.370694092447
0.488853274189
0.346294132371
0.2563143284
0.369713995682
0.239416194662


0.0
0.0585128102073
0.131582151186
0.114335189087
0.147583988389
0.221137641737
0.186262702859
0.175103484549
0.218474340825
0.295816915954
0.26828136931
0.18241390841
0.267858470512
0.207807577625
0.254827489783
0.258764896724
0.359972643547
0.467518992542
0.417350395899
0.399690704609
0.36448441697
0.370742653214
0.422413156111
0.483613749441
0.477935353697
0.344863421786
0.438708884774
0.357140352837
0.222559250995
0.360613628307
0.380146432622


0.0
0.0190938662729
0.11006214664
0.101469983072
0.118555720127
0.218363876595
0.146791317382
0.241770530949
0.0871948504555
0.245162082634
0.232386547853
0.265639110109
0.26258928803
0.218688827613
0.383944590761
0.335912434476
0.320144481843
0.365421696163
0.290450589583
0.454543910591
0.387094383121
0.416654753178
0.325412114509
0.449433142478
0.399632692253
0.551239852677
0.378884243249
0.173354020539
0.297475050484
0.319007133895
0.358555596221


0.0
0.0396881996197
0.122609020208
0.116455520141
0.218286986097
0.105498485084
0.149661703372
0.180757490604
0.253795321589
0.291477674222
0.340379348601
0.33012016002
0.292928871171
0.326389949286
0.326341534765
0.363881215654
0.355451883903
0.306928134574
0.389623597273
0.377257613883
0.56737726501
0.383449136767
0.530820679807
0.474904039111
0.513251320407
0.334098752557
0.40639128574
0.325668884857
0.393655738224
0.289007415825
0.401203758015


0.0
0.206607673446
0.112122867752
0.206213413831
0.18010141809
0.300702457299
0.268206495973
0.190745309655
0.287635163644
0.348441998923
0.251583184152
0.329877240546
0.417465904713
0.442494400312
0.382379689957
0.339159388812
0.348964785342
0.432635564925
0.418078273698
0.451857368219
0.470217137135
0.437900671321
0.443558412387
0.329679453399
0.440509991194
0.419988050267
0.321537071417
0.4345590312
0.289726834131
0.334547033579
0.438222513304


0.0
0.246627696026
0.190924761009
0.292044676069
0.199947508812
0.290038507706
0.286189180152
0.281991625546
0.291071399599
0.307218966888
0.372288003234
0.395016229134
0.371451943437
0.392614952677
0.435804579442
0.378469088679
0.442850124161
0.410926028072
0.465192611907
0.443465831966
0.430734342409
0.455092070632
0.44807160869
0.477238842258
0.406887157313
0.556514582899
0.466193398913
0.377951105283
0.459514127638
0.442911609703
0.468703084818


0.0
0.0655706817474
0.0590956228767
0.0947353463992
0.105448911513
0.097450581926
0.184497062695
0.16713725162
0.209285107355
0.259666570978
0.204601866869
0.300177570442
0.248143479724
0.251068294453
0.310528650131
0.324937892345
0.33971052416
0.321948470585
0.274229105125
0.365443741859
0.319400493167
0.376112172757
0.331621636971
0.306429643203
0.257570826381
0.374684397313
0.349274355452
0.310917601013
0.323435165363
0.243718615188
0.420827767616


0.0
0.111943006861
0.11773074563
0.123014024627
0.149095273112
0.164875204649
0.229403599004
0.227534224175
0.250015542308
0.177532224817
0.188745798232
0.286948706495
0.379098292983
0.297149511157
0.347436158239
0.391858735785
0.500487365637
0.375647267559
0.458063409647
0.518653321402
0.338340120431
0.438616296115
0.447106287913
0.430504589177
0.439045929472
0.454798534348
0.425763892858
0.336718863427
0.343242610429
0.407241609333
0.26668469539


0.0
0.105557792522
0.126549286187
0.121711530457
0.138392140585
0.222453584481
0.258817837732
0.250560914836
0.272035952481
0.317127511911
0.310546479176
0.425026430456
0.305835693331
0.297434683654
0.422140908727
0.573977310119
0.433372090039
0.366147570095
0.469802177224
0.361738391
0.327024833579
0.411285146781
0.437038215369
0.509465417857
0.462122675744
0.440070798015
0.41383717668
0.338277035467
0.396943088247
0.467205848467
0.429276424143


0.0
0.0829506565347
0.17685924439
0.125027229263
0.258619512745
0.180850173526
0.181683792131
0.234006066587
0.332721384842
0.187853602747
0.240866068205
0.30779269528
0.283912004605
0.263241261634
0.429699356365
0.409822856035
0.314518990303
0.363849769381
0.456380358397
0.326266488424
0.356619381159
0.521331193995
0.325310445598
0.43658877716
0.437287926846
0.333662212085
0.382393524217
0.385744978109
0.383756543144
0.351241251509
0.435955902861


0.0
0.132474304259
0.108382193308
0.204588391918
0.163821216956
0.148659691699
0.22522797213
0.259150750243
0.242242144123
0.35717889457
0.339739000501
0.169496753475
0.330413017748
0.311198918394
0.336667425428
0.293288600994
0.34190246849
0.389011578021
0.234045872038
0.404065279283
0.323037792022
0.421876276442
0.362441821947
0.421887703314
0.435576045548
0.438033422286
0.416621635441
0.491362227966
0.447800942811
0.422992824749
0.367419801334


0.0
0.104958342725
0.100217813505
0.192440817679
0.137444768451
0.166602424673
0.173828402962
0.230531324821
0.221863599797
0.146026944198
0.281068491565
0.256486399953
0.378015154478
0.246632721959
0.373019387939
0.434177618048
0.34694951108
0.314102442962
0.31655608324
0.275635940756
0.35044278759
0.416971596035
0.404016286215
0.389119649301
0.390995636467
0.302541092063
0.436479834369
0.321990104096
0.396516685529
0.412694436527
0.307443211027


0.0
0.0390063087502
0.0791406010158
0.123708826588
0.0692914703961
0.139695546237
0.148140772803
0.193270349877
0.186595034108
0.226331275783
0.264097663539
0.360923919732
0.234811004295
0.217089493785
0.328082096173
0.465131810429
0.266578096494
0.439270364489
0.39067378174
0.344592061045
0.379642267967
0.364987384585
0.437401360081
0.309679461504
0.382110049689
0.429132305836
0.33230351751
0.400084917622
0.427415484095
0.315849997679
0.270335656468


0.0
0.0758340122954
0.0771272404546
0.0992907342385
0.160925538379
0.242670115689
0.165963106946
0.240126295462
0.192501560114
0.325564058187
0.256571452197
0.297213475249
0.319745506855
0.433420430025
0.34547176263
0.323719568406
0.329178621493
0.38171868126
0.362047165666
0.383749784594
0.449709636798
0.432036970564
0.476524797599
0.428817914897
0.345145133349
0.463763646881
0.448160556651
0.342057081662
0.341028979941
0.287772966136
0.370170435454


0.0
0.0766473283133
0.120767297934
0.173751090501
0.163876883409
0.144826227295
0.297556313795
0.244655671689
0.249138627651
0.22603726357
0.304309815632
0.27054821471
0.289525339808
0.274926880548
0.289540045887
0.205957305139
0.334402690623
0.249757014308
0.248352441604
0.403344082372
0.332875586008
0.353474523911
0.430193963035
0.313376445345
0.304246101954
0.306975939855
0.282144847454
0.365692891153
0.294985706089
0.368306685579
0.260356821309


0.0
0.0825413324738
0.0834085565306
0.176205719298
0.157836290743
0.0962556156997
0.182973709349
0.123177950959
0.173223806204
0.327923272212
0.176810942516
0.284476535283
0.350562841032
0.348214403919
0.370581786458
0.48511297465
0.243467987702
0.349892234346
0.483946551269
0.290486105869
0.388300303492
0.343923942917
0.343412010377
0.331107542155
0.377474553944
0.284878021553
0.381031446239
0.182990269315
0.237933580231
0.295017276866
0.290760085819


0.0
0.0204637437252
0.0967722365111
0.0343609208081
0.141342950856
0.187965390097
0.146875183684
0.204681712083
0.33153022148
0.191321998926
0.251518144481
0.148466282675
0.341991549509
0.253072634132
0.314887943738
0.278514967408
0.350186787005
0.315284699299
0.396015590464
0.396306882801
0.367543848221
0.434912325827
0.33233379548
0.300632708769
0.315011972465
0.383892308779
0.27670912043
0.408483551852
0.334657773018
0.337697011696
0.26497656657


0.0
0.0761821680079
0.109102142116
0.139044550349
0.182773033927
0.136072191106
0.184544733135
0.294092492898
0.270123889207
0.235815598241
0.276519147144
0.204328650815
0.292580506127
0.323479800993
0.3242071677
0.412232721663
0.382701158792
0.333670124173
0.537387671782
0.385270521391
0.379761201439
0.359001101794
0.39952015147
0.413463691887
0.441639538557
0.48921331326
0.477129824748
0.365414604287
0.481195017927
0.286571953848
0.202999929197


0.0
0.100010989085
0.129399761077
0.0992403790462
0.167428878382
0.177342984956
0.150361902791
0.232993668105
0.219205076961
0.286099721068
0.219011263842
0.173496261912
0.275116975194
0.32271878952
0.346695921066
0.215255863802
0.256702620498
0.401398329855
0.380046812998
0.406653542035
0.357908942797
0.332035903641
0.404269249378
0.422624456875
0.367605309066
0.317188526464
0.342270814733
0.345266562028
0.385520469006
0.424644939781
0.240720326413


0.0
0.0847672989794
0.0315691602778
0.103024178851
0.115855917467
0.133193971857
0.0978158406004
0.227340457953
0.194861213528
0.304358059685
0.139652915724
0.26546472008
0.346482296834
0.327863420645
0.334667780718
0.341392115227
0.361104176315
0.386445192787
0.369086862372
0.405919376814
0.309710890604
0.518227850164
0.413162857318
0.408504328337
0.343499674375
0.401049801366
0.468345151678
0.420370467954
0.454677166367
0.348336081357
0.35675236074


0.0
0.140810726845
0.162012343726
0.115101934303
0.143400942155
0.225982286789
0.265444787378
0.231296488117
0.261574581099
0.304298873834
0.247573013078
0.262115893257
0.340308282679
0.387979858428
0.308979549303
0.396226527018
0.450462417549
0.423321319756
0.331759134265
0.35876874527
0.354289194035
0.359298411156
0.338963320543
0.493835324727
0.455636540185
0.480647748981
0.413284574429
0.311210410262
0.443426866973
0.418709827016
0.421549681012


0.0
0.0296502432249
0.110764735423
0.138172603718
0.141374031747
0.155962365757
0.176945942307
0.224939585098
0.24987891455
0.2152144505
0.300406789317
0.303762261271
0.239245707778
0.31651103283
0.330457994274
0.287560988517
0.212840310138
0.365310840091
0.370785260297
0.35037125288
0.315513614114
0.352752111046
0.364946890803
0.392950050504
0.413260359726
0.407899570531
0.349715468182
0.260675607948
0.25343790099
0.350339848775
0.248979791296


0.0
0.104843240185
0.249507066621
0.184198081768
0.31989925246
0.260883689263
0.197215437795
0.317152091254
0.260486416136
0.268004839201
0.282718267643
0.316401573419
0.437082768667
0.416656532296
0.328747544445
0.36662652666
0.402210320336
0.449366438711
0.440473295997
0.388713353781
0.475356096276
0.34850645972
0.414834772964
0.412278975814
0.442023985273
0.532786785996
0.367482472541
0.423170742118
0.477117606523
0.474162318377
0.460108852395


0.0
0.131710179628
0.0810356548049
0.150865361598
0.147828757221
0.147085021072
0.247347968098
0.371189464281
0.274953575572
0.356282667
0.434265949245
0.346697863199
0.291894625664
0.318126781572
0.312427530328
0.376705654483
0.453976488298
0.392055360129
0.396920627988
0.373510314485
0.458339712005
0.398386713651
0.539453254423
0.454297076002
0.469139403944
0.417636053845
0.412399730785
0.423645969321
0.368323196793
0.453092076473
0.429474095152


0.0
0.137326635757
0.161830435075
0.121932983145
0.147634239089
0.16983753155
0.128900187466
0.206446316375
0.250962518083
0.313987903414
0.282451853737
0.332206087171
0.366793960853
0.381712270199
0.345881961231
0.374746285667
0.344039604391
0.41830380435
0.340028723443
0.52098775494
0.635885857555
0.494973522458
0.4272833638
0.323799577064
0.445684001951
0.442536832461
0.457636706724
0.420084013136
0.340177578436
0.470140048512
0.407799817172


