244.5 -194.0 1 1
1259.5 -152.5 1 2
1192.0 -217.5 3 3
1265.0 -158.0 4 4
97.0 -191.5 5 5
143.5 -188.5 5 6
237.5 -233.5 6 7
1048.5 -211.0 7 8
524.5 -166.5 7 9
620.0 -156.5 7 10
366.0 -241.0 8 11
74.5 -207.5 8 12
642.5 -196.0 8 13
16.0 -168.0 8 14
339.0 -214.5 9 15
642.5 -196.0 9 16
19.0 -174.0 9 17
416.5 -203.0 10 18
16.0 -168.5 10 19
24.0 -179.0 11 20
534.0 -155.0 11 21
568.5 -140.5 11 22
15.5 -344.5 12 23
412.0 -322.0 12 24
172.5 -217.5 12 25
1149.5 -217.0 12 26
1264.5 -217.5 12 27
976.0 -209.5 12 28
1182.0 -198.5 12 29
1219.5 -169.0 12 30
765.5 -164.5 12 31
235.5 -120.5 12 32
20.5 -430.5 13 33
1187.5 -218.0 13 34
219.5 -215.5 13 35
1054.0 -214.5 13 36
1159.0 -195.5 13 37
1233.0 -163.5 13 38
180.5 -11.0 13 39
18.5 -512.0 14 40
304.0 -485.0 14 41
1107.5 -292.0 14 42
63.0 -209.5 14 43
1051.5 -214.5 14 44
979.0 -207.0 14 45
19.5 -175.5 14 46
608.5 -143.5 14 47
208.5 -13.0 14 48
176.0 -11.0 14 49
160.5 -432.5 15 50
1176.5 -321.5 15 51
1046.5 -213.5 15 52
977.5 -207.0 15 53
786.5 -145.5 15 54
53.0 -476.5 16 55
1176.5 -313.5 16 56
1050.5 -208.0 16 57
620.0 -158.0 16 58
1192.0 -217.0 17 59
1046.5 -211.5 17 60
25.0 -183.5 17 61
238.0 -171.0 17 62
71.5 -519.5 18 63
21.0 -477.5 18 64
1141.0 -230.5 18 65
18.5 -172.5 18 66
238.0 -171.0 18 67
75.0 -519.5 19 68
127.0 -419.5 19 69
1132.5 -229.0 19 70
754.5 -170.5 19 71
615.0 -148.0 19 72
580.0 -139.0 19 73
1254.0 -203.5 20 74
518.0 -181.0 20 75
632.0 -168.5 20 76
186.0 -500.5 23 77
26.0 -178.5 24 78
121.0 -178.0 24 79
1107.5 -292.5 28 80
356.0 -240.5 28 81
1138.5 -223.5 28 82
977.0 -217.5 28 83
1191.5 -221.0 28 84
1250.0 -199.5 28 85
86.0 -198.0 29 86
154.0 -191.0 29 87
108.5 -167.0 29 88
266.0 -490.0 30 89
209.0 -398.0 30 90
264.5 -483.0 31 91
419.5 -449.5 31 92
475.0 -422.0 32 93
267.5 -474.0 33 94
527.5 -404.0 33 95
274.0 -476.0 34 96
573.0 -389.0 34 97
278.0 -467.5 35 98
613.5 -375.5 35 99
169.5 -214.0 35 100
1262.0 -152.0 35 101
795.5 -139.0 35 102
284.5 -465.5 36 103
651.0 -364.5 36 104
711.0 -235.5 36 105
481.0 -234.5 36 106
1138.0 -219.0 36 107
1052.5 -212.0 36 108
886.0 -203.0 36 109
1182.0 -204.5 36 110
625.5 -168.5 36 111
175.5 -11.0 36 112
286.5 -477.5 37 113
686.0 -353.5 37 114
302.0 -420.0 38 115
717.0 -348.5 38 116
325.0 -471.5 39 117
747.0 -343.0 39 118
773.0 -338.0 40 119
1176.5 -326.5 40 120
798.5 -335.5 41 121
170.0 -199.0 41 122
525.0 -165.0 41 123
929.0 -168.5 41 124
821.0 -333.0 42 125
1196.0 -221.5 42 126
63.5 -204.5 42 127
1241.5 -204.0 42 128
238.5 -198.5 42 129
23.0 -182.0 42 130
765.0 -160.5 42 131
844.0 -331.5 43 132
1198.5 -211.0 43 133
1251.0 -203.0 43 134
241.5 -192.0 43 135
864.5 -331.5 44 136
884.0 -331.0 45 137
902.0 -331.5 46 138
920.0 -333.0 47 139
936.5 -335.0 48 140
335.5 -317.0 48 141
339.5 -400.0 49 142
952.5 -337.0 49 143
343.0 -461.5 50 144
345.0 -399.5 50 145
968.0 -339.0 50 146
336.5 -460.0 51 147
983.0 -342.5 51 148
996.0 -345.5 52 149
340.0 -464.5 53 150
1010.0 -350.0 53 151
338.0 -463.5 54 152
1023.0 -354.0 54 153
351.0 -459.0 55 154
1035.5 -358.5 55 155
1047.0 -362.5 56 156
1059.0 -368.0 57 157
1070.0 -373.5 58 158
1081.0 -379.0 59 159
354.5 -309.0 59 160
1091.5 -385.5 60 161
322.5 -356.0 60 162
355.0 -308.5 60 163
366.0 -471.0 61 164
1096.0 -382.5 61 165
396.5 -354.0 61 166
356.0 -303.5 61 167