0.0 0.0 7.98
-0.0 2.44 7.98
7.32 2.44 8.01
7.32 -0.0 8.01
0.0 0.0 0.0
0.21 0.81 1.64
0.37 1.17 2.39
0.39 1.44 3.01
0.5 1.66 3.51
0.53 1.85 3.95
0.6 1.98 4.31
0.56 2.07 4.63
0.59 2.15 4.92
0.7 2.21 5.2
0.74 2.18 5.49
0.79 2.2 5.69
0.77 2.16 5.89
0.78 2.16 6.1
0.8 2.14 6.29
0.87 2.05 6.4
0.84 1.98 6.6
0.87 1.97 6.83
0.85 1.84 6.99
0.92 1.73 7.09
0.88 1.64 7.23
0.9 1.45 7.41
0.95 1.39 7.51
1.0 1.22 7.58
0.95 1.09 7.78
0.94 0.94 7.88
0.93 0.69 7.94
1.02 0.54 8.04
0.96 0.39 8.11
1.09 0.16 8.19
1.04 -0.03 8.32
