106.968394926 239.281484493
48.9404099134 109.476578983
39.4036412113 88.1434349837
32.4090569283 72.4969955675
27.2250190654 60.9006331432
23.0839825606 51.6373983076
19.0867781001 42.6959065912
17.6322495351 39.4422188595
17.987390416 40.236646384
17.1172928367 38.2902935329
12.2174179493 27.3295855808
11.431042489 25.5705137761
12.3842466154 27.7027706783
11.2903340531 25.2557579697
8.92194665485 19.9578262497
12.8919553111 28.8384826845
13.6517200644 30.5380280331
11.8401364019 26.4856307959
9.56134202644 21.38811296
10.1409807068 22.6847277592
15.1244745079 33.832485894
7.89639543804 17.6637335155
10.9883318857 24.5801983616
14.3877079729 32.1843860946
10.6575613585 23.8402857656
14.987164828 33.5253328879
11.7502107491 26.2844728397
9.83786135737 22.0066690863
16.0967555401 36.007416619
13.626175216 30.4808858345
