673.447 -311.596
675.298 -186.098
1043.07 -122.44
1043.3 -290.415
285.304 -289.19
393.31 -238.673
443.383 -219.573
476.493 -204.523
503.694 -194.663
527.745 -186.409
545.815 -181.879
560.389 -178.676
577.241 -177.398
591.098 -176.009
602.511 -175.881
611.872 -175.6
622.229 -177.66
634.278 -182.591
640.722 -184.134
650.008 -189.274
656.912 -193.577
663.838 -199.823
669.933 -204.925
677.682 -210.581
680.445 -218.713
687.207 -224.025
690.454 -232.578
697.775 -242.063
702.119 -251.087
706.757 -258.695
712.073 -266.974
712.899 -277.703
719.242 -285.943
722.482 -298.455
724.094 -309.028