35 2.8 2.05740888776 8.48274360994e-05 0.05805915884
35 2.8 1.9049419843 8.67828361825e-05 0.059334578567
35 2.8 2.1313061954 8.47962636029e-05 0.0655622608893
35 2.8 2.05095098588 8.49070617169e-05 0.0594044001841
35 2.8 2.21644549571 8.60682850698e-05 0.0718945554324
35 2.8 2.33209331975 8.47506571107e-05 0.0683711232598
35 2.8 1.92669250425 8.44859929498e-05 0.0615823453859
35 2.8 2.15571824235 8.58245491739e-05 0.0609656422013
35 2.8 2.39211949855 8.52672179917e-05 0.0801468607029
35 2.8 2.55171170239 8.79768355516e-05 0.0761666843554
35 2.8 2.34711524487 8.68429629451e-05 0.0676603873346
35 2.8 2.51121659465 8.48308457565e-05 0.0728071860288
35 2.8 2.49149654394 8.54634311378e-05 0.0821660301732
35 2.8 2.32691921814 8.88596151167e-05 0.0733553962042
35 2.8 2.28641000156 8.53866300836e-05 0.0706958493328
35 2.8 2.19097932841 8.7604988483e-05 0.0774256507093
35 2.8 2.26924051216 8.72043417271e-05 0.0649992572643
35 2.8 1.88630618843 8.41164099968e-05 0.0626396709297
35 2.8 2.29014723715 8.07447848638e-05 0.0676148873255
35 2.8 2.29581994613 8.69768352229e-05 0.0845035908604
35 2.8 2.26209689823 9.04746950433e-05 0.0611651801073
35 2.8 2.39500304477 8.77437109748e-05 0.103325527663
35 2.8 2.36837035294 8.49301906034e-05 0.0795013388618
35 2.8 2.13407201495 8.73016893356e-05 0.0991798514533
35 2.8 2.35675729591 8.77958190113e-05 0.0794356386451
35 2.8 2.18995000299 9.15671172278e-05 0.0865071548484
35 2.8 2.17991753435 8.49732454315e-05 0.0664896454395
35 2.8 2.06032011956 8.87770540372e-05 0.0545457563943
35 2.8 2.04269309846 8.55266111017e-05 0.0604476419171
35 2.8 2.11810766705 8.55541264777e-05 0.084058489197
35 2.8 2.24151979075 8.7848690902e-05 0.0712024297299
35 2.8 2.30418203529 8.41485934716e-05 0.0689574129363
35 2.8 2.05823100692 8.72103590437e-05 0.0680073398195
35 2.8 2.31416906644 8.42694022549e-05 0.0756372798038
35 2.8 2.3819484772 8.85548821286e-05 0.0728579941495
35 2.8 2.03727983707 8.79573646507e-05 0.0601040306836
35 2.8 2.41100619622 8.59222139571e-05 0.0598762058587
35 2.8 2.14053505874 8.60176845675e-05 0.0692133816071
35 2.8 2.22520948316 8.72110702681e-05 0.0651486487634
35 2.8 2.30648714753 8.68791796385e-05 0.0810128802855
35 2.8 2.45917603966 8.79139527654e-05 0.0772416359747
35 2.8 2.13940014469 8.48249563784e-05 0.0708685165345
35 2.8 2.26350129954 8.74959501752e-05 0.0738332940152
35 2.8 2.20960888122 8.30434142154e-05 0.0654480804353
35 2.8 2.25280235918 8.635782881e-05 0.0618480297939
35 2.8 2.0554698298 8.59801769887e-05 0.0605910649955
35 2.8 1.96690590061 8.4923141981e-05 0.0709600545804
35 2.8 2.24383278543 8.21078545972e-05 0.0725177449504
35 2.8 2.16902533288 8.45344615157e-05 0.0685047376028
35 2.8 2.27304675125 8.38554018207e-05 0.0760081892304
35 2.8 2.35082091981 8.79276888342e-05 0.0679964885511
35 2.8 2.31123782195 8.40999963475e-05 0.0640894571679
35 2.8 2.0748603357 8.34548629332e-05 0.0663968517503
35 2.8 2.16822180339 8.3633872243e-05 0.0713694295544
35 2.8 2.23884812341 8.77081905122e-05 0.0642846608372
35 2.8 2.44251676061 8.68668548138e-05 0.0936145065276
35 2.8 2.08249608426 8.34140499703e-05 0.059732889965
35 2.8 2.27639152556 8.49760229534e-05 0.0669614151322
35 2.8 2.36613548936 8.54749083462e-05 0.0706323641695
35 2.8 2.2161489972 8.7766281669e-05 0.0678338529135
35 2.8 2.17331392925 8.5390505302e-05 0.0740833826547
35 2.8 2.30520256065 8.69741456724e-05 0.071659778784
35 2.8 2.28809387715 8.55090434625e-05 0.0614563507911
35 2.8 2.42550459973 8.48223221929e-05 0.0750154790316
35 2.8 2.17367027468 8.4793883917e-05 0.0689917055144
35 2.8 2.24924503458 8.57629996522e-05 0.0681051144734
35 2.8 2.41599538619 8.29233986365e-05 0.0702020439676
35 2.8 2.10937206022 8.65049593328e-05 0.0637297546704
35 2.8 2.49918985882 8.81215274906e-05 0.111231841033
35 2.8 2.04589430932 8.74933344708e-05 0.0621628872666
35 2.8 2.35400493975 8.14786599684e-05 0.0806860474252
35 2.8 2.29444209419 8.7293601059e-05 0.0666416687692
35 2.8 2.1412028449 8.60727032587e-05 0.0640377865645
35 2.8 2.18764018825 9.06701025495e-05 0.0838119308175
35 2.8 2.49730571975 8.79722592698e-05 0.0705802898543
35 2.8 2.3417691658 9.05524378095e-05 0.0727687839941
35 2.8 2.1822442752 8.39074712557e-05 0.071623022219
35 2.8 2.43044772682 8.36689103199e-05 0.0740248245039
35 2.8 2.14541429872 8.81797285309e-05 0.0631903267605
35 2.8 2.26060558285 8.40524461734e-05 0.0764789383797
35 2.8 2.36111858066 8.87741699778e-05 0.0770005537777
35 2.8 2.11414759951 8.39835030169e-05 0.0640575320991
35 2.8 2.08950683001 8.97340478834e-05 0.06802021914
35 2.8 2.31717456917 8.95846564643e-05 0.0798147163196
35 2.8 2.10446594272 8.6144475851e-05 0.0762621611946
35 2.8 2.22903265035 8.36594898035e-05 0.062194843438
35 2.8 2.34736394983 8.25982894579e-05 0.0704477466673
35 2.8 2.14510155148 8.7412029714e-05 0.065141848952
35 2.8 2.00410352031 8.69220934251e-05 0.0686508513802
35 2.8 1.99651907674 8.5956642376e-05 0.0709559908342
35 2.8 2.31274127624 8.57248469767e-05 0.0683783848102
35 2.8 2.30294068472 8.89975821049e-05 0.068034920225
35 2.8 2.12210249824 9.18476410506e-05 0.0718717473031
35 2.8 2.18614134692 8.80796116212e-05 0.0778550646655
35 2.8 2.13429118569 8.14064580946e-05 0.0612268910501
35 2.8 2.41883393397 8.91473010529e-05 0.0682841322877
35 2.8 2.05556723612 8.29529212018e-05 0.0538531008828
35 2.8 2.14749010891 8.39033734205e-05 0.0755748334025
35 2.8 2.3223243031 8.60835828871e-05 0.0786613308465
35 2.8 2.30516895803 8.63605616696e-05 0.0689771884601
