0.0 -0.0 8.37
0.24 2.4 8.42
7.67 2.42 8.31
7.25 -0.0 8.22
0.0 0.0 0.0
0.17 0.76 1.65
0.33 1.14 2.51
0.39 1.41 3.09
0.49 1.62 3.61
0.65 1.8 4.02
0.69 1.9 4.4
0.71 2.01 4.78
0.77 2.03 5.12
0.82 2.1 5.34
0.81 2.12 5.58
0.86 2.17 5.92
0.93 2.18 6.1
0.95 2.08 6.33
0.96 2.07 6.6
0.97 2.02 6.78
0.98 1.97 7.02
1.02 1.86 7.13
0.99 1.8 7.3
1.04 1.71 7.45
1.01 1.59 7.66
1.01 1.42 7.74
0.99 1.29 7.84
1.07 1.19 8.08
1.06 1.03 8.11
1.1 0.91 8.28
0.99 0.72 8.31
1.06 0.56 8.33
1.06 0.36 8.51
1.06 0.19 8.64
1.01 -0.02 8.71
