106.074953084 237.282912013
55.1350506931 123.333595746
37.0535808437 82.8864996638
33.0287307373 73.8831663989
27.9216316335 62.4589110769
22.8723866427 51.1640717199
22.7624003065 50.9180392932
20.1300471377 45.0296329616
13.5608432966 30.3347424932
14.1237105551 31.5938406902
20.1026520465 44.968351888
11.3272591335 25.3383570219
14.25593187 31.8896113478
15.8203858879 35.3891953145
11.0947792478 24.8183143289
14.1354281872 31.6200522866
9.18061957643 20.5364610952
10.8199920348 24.2036328402
10.8702916027 24.3161497689
13.7231676376 30.6978517022
11.1358322813 24.9101473494
9.2976720597 20.7983000429
16.0540416131 35.9118682855
9.1394271141 20.4443161813
12.2115754004 27.3165161712
13.193729432 29.5135321668
10.346793383 23.1451176036
15.4516672293 34.5643951663
12.2044638183 27.3006080151
13.0999656847 29.3037886379
