35 0.2 0.150537324878 8.60205438689e-05 0.00425891903872
35 0.2 0.155591586804 9.03801350826e-05 0.00527769039698
35 0.2 0.153721400051 8.43160892309e-05 0.00562139787789
35 0.2 0.163672764433 8.25568860425e-05 0.0045568519852
35 0.2 0.162561118231 8.48246251072e-05 0.00485781090685
35 0.2 0.172895400017 8.44099989306e-05 0.0055780019282
35 0.2 0.170800026629 9.0061026206e-05 0.00663724969491
35 0.2 0.17633375243 8.74608410883e-05 0.00611419518154
35 0.2 0.167637505549 8.77046838824e-05 0.00689641425363
35 0.2 0.176341591935 8.78365897406e-05 0.00613295614322
35 0.2 0.167975297135 8.98093814648e-05 0.00685338709081
35 0.2 0.172772402611 8.55776219926e-05 0.00491219015166
35 0.2 0.159901883502 8.54094754102e-05 0.00487123203841
35 0.2 0.166714122789 8.35968303719e-05 0.0047441419381
35 0.2 0.134606212682 8.55452212384e-05 0.00429773977264
35 0.2 0.164850595899 8.65389385489e-05 0.00493987145622
35 0.2 0.152402269936 8.50972248416e-05 0.00434876974687
35 0.2 0.154695849 8.74762423465e-05 0.00491690335687
35 0.2 0.185168856923 7.9783436383e-05 0.00614504280635
35 0.2 0.167884863543 8.75273960265e-05 0.00568768464134
35 0.2 0.163347407709 8.70709665241e-05 0.0044407910862
35 0.2 0.161475646197 8.75051351764e-05 0.00494930441466
35 0.2 0.165496748348 8.61972230449e-05 0.00453590452769
35 0.2 0.152434877422 8.20863482512e-05 0.00430823073749
35 0.2 0.1658114646 7.75529809397e-05 0.00475739093328
35 0.2 0.153918692288 8.414190268e-05 0.00586843540933
35 0.2 0.14762680226 8.94887362275e-05 0.00421469879527
35 0.2 0.166711863281 8.53679885e-05 0.00494866532221
35 0.2 0.141239913138 8.25955087553e-05 0.00425870319023
35 0.2 0.161872912554 8.35434685059e-05 0.00610466649163
35 0.2 0.156171608159 8.66697766405e-05 0.00450342777496
35 0.2 0.155761404926 8.86240277631e-05 0.00490685376546
35 0.2 0.158962767153 8.20973856952e-05 0.00544389194102
35 0.2 0.148761841934 8.32197434712e-05 0.00469388860217
35 0.2 0.167628234367 9.35388614865e-05 0.00485315025419
35 0.2 0.163985533817 8.40029129105e-05 0.00650938609002
35 0.2 0.155813009425 8.26507116959e-05 0.00535638655646
35 0.2 0.159118669521 8.06648573222e-05 0.00510017291217
35 0.2 0.15753153595 8.64056836603e-05 0.00485924725636
35 0.2 0.159889936317 8.47445278667e-05 0.0050426923269
35 0.2 0.159203473417 8.56771132607e-05 0.00455145434564
35 0.2 0.170461816611 8.40403345057e-05 0.00508189854002
35 0.2 0.185579106627 8.55483114769e-05 0.00691423492493
35 0.2 0.142413669864 8.59609687196e-05 0.0037997769301
35 0.2 0.163821499975 8.59231234121e-05 0.00490791345902
35 0.2 0.150972206419 8.88668153461e-05 0.00426253305068
35 0.2 0.169552532442 8.78652723249e-05 0.0050868419232
35 0.2 0.167794639153 8.56948870265e-05 0.00697671204109
35 0.2 0.163943829037 8.88942160213e-05 0.00525266768953
35 0.2 0.149657823551 8.33770883824e-05 0.00487865692078
35 0.2 0.157445076855 8.66612306888e-05 0.00595978561191
35 0.2 0.154762719755 8.57973780626e-05 0.00487248870981
35 0.2 0.149417550644 8.74665661491e-05 0.0048710976449
35 0.2 0.147662432374 8.75689825263e-05 0.0051031472992
35 0.2 0.178122588406 9.16582745338e-05 0.00613791274208
35 0.2 0.159067912803 8.64839600344e-05 0.0066645757287
35 0.2 0.159176937735 8.87309719601e-05 0.00512841103947
35 0.2 0.166945936779 8.61445911522e-05 0.00604739310943
35 0.2 0.147474720882 8.60079571726e-05 0.00438044471819
35 0.2 0.166597351252 8.73692586919e-05 0.00488229040286
35 0.2 0.16082375764 8.29223403865e-05 0.00517987785872
35 0.2 0.161459883972 8.53371025991e-05 0.00529706483196
35 0.2 0.14499987008 8.54045398797e-05 0.00422404952162
35 0.2 0.176331324145 8.42207437388e-05 0.00554440546554
35 0.2 0.158813704957 8.34549610083e-05 0.00496690853253
35 0.2 0.144831853136 8.41394250037e-05 0.00447937496223
35 0.2 0.154350432264 8.88127490983e-05 0.00519892585535
35 0.2 0.168686211911 8.81367534655e-05 0.00576205049213
35 0.2 0.157624019444 8.3047443425e-05 0.00456055151906
35 0.2 0.158557378504 8.81451341315e-05 0.00546149261607
35 0.2 0.152822039896 8.11931157103e-05 0.00452884051469
35 0.2 0.169319267344 8.67958499552e-05 0.00518099989261
35 0.2 0.182033547511 8.43439513795e-05 0.00628424940563
35 0.2 0.16927295353 8.86568539983e-05 0.00515607782676
35 0.2 0.144279532603 8.24759363577e-05 0.00554355646899
35 0.2 0.167034941861 8.52790966945e-05 0.00645084829396
35 0.2 0.151573549427 8.70815807959e-05 0.00436282831771
35 0.2 0.171977019915 8.80537799152e-05 0.00577520006273
35 0.2 0.166285238584 8.70493073714e-05 0.00490094223272
35 0.2 0.146491594847 8.37284791673e-05 0.00583028244813
35 0.2 0.156121515892 8.49428377987e-05 0.00444648190448
35 0.2 0.166603290598 9.08998358243e-05 0.00554586589567
35 0.2 0.156714888979 8.49520243471e-05 0.00424324514368
35 0.2 0.170873048987 8.95115308223e-05 0.00505034951476
35 0.2 0.167079974548 8.746716074e-05 0.00542569842698
35 0.2 0.156645443792 8.30758137866e-05 0.0047957051761
35 0.2 0.158731383883 8.93795686054e-05 0.00476596766053
35 0.2 0.152620892659 8.30778841235e-05 0.00480523249703
35 0.2 0.152475664464 8.24559030084e-05 0.00532561755518
35 0.2 0.164711194469 8.53046867868e-05 0.00466003591031
35 0.2 0.154818462969 8.80199918785e-05 0.00473885238293
35 0.2 0.162768282883 8.30740577264e-05 0.00497057124005
35 0.2 0.161007872807 8.63426431431e-05 0.00507233321334
35 0.2 0.164105557687 8.64011306957e-05 0.00462941970095
35 0.2 0.161930832598 8.51894461003e-05 0.00439342980408
35 0.2 0.169541971429 8.19471063408e-05 0.00546334796745
35 0.2 0.163634064576 8.36332830236e-05 0.0051983045826
35 0.2 0.141968349582 9.05326553579e-05 0.0043986247301
35 0.2 0.153315564108 8.70431099427e-05 0.00485254021391
35 0.2 0.147597934127 8.85170789622e-05 0.00682814890892
