35 2.4 1.91502577527 8.96549120638e-05 0.0550518789177
35 2.4 1.89499216761 8.44193375284e-05 0.0703092513566
35 2.4 1.73456322646 8.30414813907e-05 0.0547183456045
35 2.4 1.80170396759 8.63728908013e-05 0.0648227526745
35 2.4 1.8249318478 8.72808166896e-05 0.0716085349358
35 2.4 2.00710572666 8.27663178611e-05 0.0605853145408
35 2.4 2.07833343944 8.68945469865e-05 0.0594696490375
35 2.4 1.95263527343 8.58489585772e-05 0.0618629214015
35 2.4 1.71751342322 8.20481279068e-05 0.0493551599611
35 2.4 1.69430789531 8.32208321018e-05 0.0493878156389
35 2.4 1.79928823098 8.59679895323e-05 0.060543914213
35 2.4 1.8519260283 8.3102069067e-05 0.0530284179451
35 2.4 1.83762200686 8.80638721847e-05 0.0560444222918
35 2.4 1.94708472162 8.7878198365e-05 0.0660449166555
35 2.4 2.11394864888 8.59087866213e-05 0.0618012140963
35 2.4 1.95762536412 8.67361644095e-05 0.069263490665
35 2.4 1.87589435698 8.66979088509e-05 0.065546945785
35 2.4 1.89963021761 8.33544519808e-05 0.0585588220226
35 2.4 1.71638047358 8.63068460481e-05 0.0510052335691
35 2.4 1.86259115496 8.55557037701e-05 0.0604710325346
35 2.4 2.09717838691 8.29764558232e-05 0.0731307205308
35 2.4 1.81651924582 8.45781937187e-05 0.0491600159099
35 2.4 1.96619030868 8.50949105753e-05 0.0570565855238
35 2.4 1.7368071181 8.5134175848e-05 0.0452584354978
35 2.4 1.87618608774 8.49188599912e-05 0.0536863324907
35 2.4 1.55716354446 8.58321460362e-05 0.0518852826701
35 2.4 1.98907005771 8.04898820801e-05 0.0624767487263
35 2.4 1.98911296016 8.34350307211e-05 0.063008083376
35 2.4 1.92753380517 8.65649116984e-05 0.0526202335591
35 2.4 2.00420629598 8.44750052143e-05 0.0671062345071
35 2.4 2.0881503152 8.82604318931e-05 0.0591830195993
35 2.4 1.9448530743 8.12051227829e-05 0.0714358510653
35 2.4 1.89289613435 8.46670617398e-05 0.0610131797847
35 2.4 1.96216683351 8.24048138997e-05 0.0584933911566
35 2.4 2.02144696037 8.24331785323e-05 0.0622652264402
35 2.4 2.17151999923 8.45964503549e-05 0.0584905922594
35 2.4 1.83813759231 8.79591179866e-05 0.0540236219169
35 2.4 1.79485109514 8.68907125755e-05 0.0508668052035
35 2.4 2.09731775582 8.26113430201e-05 0.0587386464317
35 2.4 1.91092529805 8.81967436353e-05 0.062910658116
35 2.4 1.89750150746 8.61380140198e-05 0.0646392736025
35 2.4 2.0244013443 8.45805524503e-05 0.07386590941
35 2.4 1.85174802658 8.43463677769e-05 0.0587563570439
35 2.4 2.1541676126 8.17419479683e-05 0.0640466140618
35 2.4 1.79390873365 8.56345409244e-05 0.0729488569894
35 2.4 1.92516111502 8.11911097855e-05 0.0702177426906
35 2.4 1.82466105993 8.64167804337e-05 0.060646551566
35 2.4 1.92650395574 8.58514486513e-05 0.0605312703732
35 2.4 1.96766381948 8.5588446144e-05 0.0585306397433
35 2.4 1.78846694559 8.51382888755e-05 0.0544428286229
35 2.4 1.8449241609 8.26356936964e-05 0.0551582158788
35 2.4 2.1924857568 7.89367318174e-05 0.0637894837064
35 2.4 2.06101101666 8.69551019135e-05 0.0551459656577
35 2.4 2.09688078422 8.36335550689e-05 0.0632016929503
35 2.4 1.96882570035 8.60413325696e-05 0.0559768436983
35 2.4 1.97567048359 8.87625022922e-05 0.0659086476741
35 2.4 2.03325467058 8.33335506888e-05 0.0596300637548
35 2.4 1.86737254797 8.74744895877e-05 0.0637651581425
35 2.4 1.99178322475 8.02909982079e-05 0.0533740152056
35 2.4 1.86657989612 8.59004235755e-05 0.062412344945
35 2.4 1.89169498547 8.70494601208e-05 0.0621180589086
35 2.4 1.85482087289 8.3220512309e-05 0.0605824938772
35 2.4 1.94961143545 9.05118945173e-05 0.0566556596454
35 2.4 1.78527719498 8.46339897907e-05 0.0517629044741
35 2.4 1.85526139963 8.4557049748e-05 0.0554501532059
35 2.4 1.88995653339 8.24267314783e-05 0.0733788099565
35 2.4 1.66372329836 8.49393623251e-05 0.0469063195802
35 2.4 2.0105760276 8.99225117129e-05 0.060829251578
35 2.4 1.74674632021 8.41768629096e-05 0.0628382463596
35 2.4 1.88354787228 8.13850006073e-05 0.0581620813253
35 2.4 1.82254422918 8.26894444618e-05 0.0557262416994
35 2.4 1.88625485378 8.46195887578e-05 0.0561902625355
35 2.4 2.03825510358 8.58056809394e-05 0.070738166702
35 2.4 1.7967838787 8.39574631601e-05 0.0703076524397
35 2.4 1.97080576132 8.41195940103e-05 0.0600710580359
35 2.4 2.04978060244 8.62838796225e-05 0.0929757279993
35 2.4 1.85837650076 8.28631803328e-05 0.0796277310023
35 2.4 2.21737908172 9.1589931494e-05 0.0964168402524
35 2.4 1.7393649747 8.21303413468e-05 0.0565330621589
35 2.4 1.88941063474 8.75167199294e-05 0.0560805624964
35 2.4 1.82014656458 8.58295449662e-05 0.0689328769042
35 2.4 1.97521615288 8.60885774343e-05 0.0666476009607
35 2.4 1.8284799761 8.70175048569e-05 0.0557504517015
35 2.4 2.04824834766 8.42774272878e-05 0.0593016585913
35 2.4 2.13012246792 8.32523492699e-05 0.0650604016421
35 2.4 1.74434037142 8.50344866171e-05 0.0507419617077
35 2.4 1.78694100817 8.89552542784e-05 0.0580378346811
35 2.4 1.99591942069 8.258725881e-05 0.0602210403975
35 2.4 1.9799161627 8.30908733325e-05 0.0663891281435
35 2.4 2.00291932493 8.65107770266e-05 0.0691296768528
35 2.4 2.10124533082 8.44193302208e-05 0.0684253962796
35 2.4 1.79435251437 9.03783337652e-05 0.0603060527517
35 2.4 1.92832243876 8.80190138016e-05 0.0609264431879
35 2.4 1.70904693332 8.44728232506e-05 0.0581730451463
35 2.4 1.98454082133 8.594695423e-05 0.0642180139536
35 2.4 1.91291891082 8.1772360159e-05 0.0569580120756
35 2.4 1.78150707357 8.28306688331e-05 0.0579881820209
35 2.4 2.17676968427 8.32364827991e-05 0.0670637678015
35 2.4 1.68764467885 8.49115215101e-05 0.0590348287299
35 2.4 1.85043768024 8.55437491302e-05 0.0492334463774
