0.0 -0.0 8.27
0.56 2.27 8.57
8.06 2.32 8.87
7.11 -0.0 8.54
0.0 0.0 0.0
0.37 0.73 1.66
0.56 1.08 2.49
0.71 1.33 3.13
0.83 1.52 3.65
0.94 1.67 4.09
1.02 1.78 4.49
1.1 1.87 4.84
1.16 1.94 5.16
1.21 1.98 5.46
1.25 2.01 5.74
1.29 2.01 6.01
1.31 2.01 6.26
1.32 1.99 6.49
1.33 1.95 6.71
1.33 1.91 6.92
1.32 1.85 7.12
1.31 1.77 7.3
1.29 1.69 7.48
1.27 1.6 7.64
1.24 1.49 7.78
1.21 1.38 7.91
1.18 1.26 8.03
1.15 1.12 8.14
1.12 0.98 8.23
1.1 0.83 8.31
1.07 0.68 8.39
1.05 0.51 8.45
1.03 0.34 8.5
1.01 0.17 8.55
0.99 -0.02 8.59
