107.378089712 240.197945628
53.5772622425 119.848922229
40.3984390714 90.3687344182
32.8842319673 73.5599318565
27.888856948 62.3855961937
24.2997107242 54.3569047555
21.5979105491 48.3131498956
19.5006534114 43.6217192948
17.836738668 39.8996480217
16.4943623105 36.8968376327
15.3958293296 34.4394893419
14.4833575054 32.3983480048
13.7139118301 30.6771470505
13.054061682 29.2011043084
12.4784359287 27.9134661714
11.969730587 26.7755247315
11.5168383742 25.7624337054
11.1154649045 24.864586825
10.7666268996 24.0842584327
10.4748409227 23.431551792
10.2466140335 22.9210227811
10.0871004915 22.5642011503
9.9993911959 22.368001044
9.981225585 22.3273657298
10.0267773027 22.4292620201
10.1263653499 22.6520341371
10.2684744514 22.9699231434
10.4409459649 23.3557309307
10.6325354574 23.7843044193
10.8335871387 24.2340442215
