1268.0 -346.0 1 1
1254.5 -315.5 3 2
1259.5 -307.0 4 3
1256.0 -305.5 5 4
1262.5 -452.0 6 5
1243.5 -302.5 6 6
1232.0 -301.5 7 7
1210.0 -307.0 9 8
1195.0 -310.5 10 9
1237.5 -357.0 11 10
1216.0 -435.5 12 11
1234.0 -355.5 12 12
1156.0 -443.0 13 13
1159.0 -309.5 13 14
1158.0 -442.5 14 15
1115.0 -422.0 14 16
1158.0 -382.0 14 17
1152.0 -439.5 15 18
1003.5 -400.0 15 19
1135.0 -309.5 15 20
1144.5 -437.0 16 21
1128.0 -308.0 16 22
886.5 -381.0 17 23
1114.5 -307.5 17 24
1043.5 -410.5 18 25
837.5 -365.5 18 26
1078.5 -347.0 18 27
1105.5 -305.5 18 28
1040.5 -420.5 19 29
794.0 -357.5 19 30
1073.0 -343.5 19 31
1039.0 -431.0 20 32
719.5 -342.0 21 33
1117.0 -328.5 21 34
1029.5 -445.5 22 35
686.5 -338.5 22 36
658.0 -337.0 23 37
631.5 -333.5 24 38
1052.5 -437.0 25 39
606.5 -332.5 25 40
1040.0 -434.5 26 41
584.0 -331.5 26 42
564.0 -331.0 27 43
545.0 -331.5 28 44
1039.0 -305.5 28 45
1035.5 -443.0 29 46
993.5 -431.5 29 47
528.0 -332.5 29 48
1028.5 -305.5 29 49
1060.5 -346.0 30 50
511.5 -334.0 30 51
1027.5 -304.0 30 52
976.0 -439.0 31 53
1011.5 -350.0 31 54
497.0 -336.5 31 55
1018.5 -310.0 31 56
978.0 -438.5 32 57
1024.5 -382.0 32 58
1015.0 -347.5 32 59
1056.5 -353.0 32 60
482.5 -336.5 32 61
1032.0 -438.0 33 62
1015.5 -385.5 33 63
1058.0 -358.5 33 64
470.5 -339.5 33 65
1020.0 -308.0 33 66
1029.5 -438.0 36 67
448.0 -345.0 36 68
1027.5 -434.5 37 69
438.0 -348.5 37 70
1025.5 -435.5 38 71
428.0 -349.5 38 72
1007.5 -311.0 38 73
1025.0 -434.0 39 74
1007.0 -309.0 39 75
1025.5 -431.0 40 76
412.0 -360.5 40 77
1004.0 -298.0 40 78
403.5 -363.5 41 79
1010.5 -305.0 41 80
1025.0 -434.5 42 81
397.0 -366.5 42 82
390.5 -371.0 43 83
384.0 -375.5 44 84
996.0 -349.0 44 85
378.5 -380.0 45 86
375.0 -378.0 46 87
1025.5 -382.0 47 88
979.0 -441.0 49 89
1003.5 -332.5 49 90
980.5 -440.5 50 91
1007.0 -338.0 50 92
983.5 -440.0 51 93
1015.0 -374.0 51 94
990.5 -438.5 52 95
1017.5 -374.5 52 96