136.0 -525.5 1 1
159.0 -492.243981655 1 1
183.5 -460.0 2 1
210.5 -430.147633749 2 1
237.5 -406.0 3 1
267.5 -378.832358627 3 1
298.5 -357.5 4 1
356.5 -325.443486239 4 1
415.0 -299.0 5 1
447.0 -295.995310231 5 1
479.5 -293.5 6 1
507.5 -289.007533366 6 1
537.0 -289.5 7 1
560.0 -292.4572938 7 1
584.5 -299.0 8 1
627.5 -313.623778099 8 1
671.5 -342.5 9 1
690.5 -356.252302707 9 1
710.0 -373.5 10 1
726.0 -392.980799339 10 1
743.0 -414.5 11 1
757.0 -434.208529568 11 1
771.5 -455.5 12 1
793.5 -495.507790565 12 1
817.0 -541.5 13 1
825.0 -561.176931818 13 1