1216.0 -361.5 2 1
1193.0 -331.744676242 2 1
1170.0 -306.460212128 2 1
1145.0 -282.0 3 1
1115.0 -259.892095826 3 1
1085.0 -241.183599848 3 1
1055.0 -226.253263 3 1
1025.0 -214.551539618 3 1
993.0 -209.5 5 1
971.0 -200.474771576 5 1
949.0 -197.116565428 5 1
926.5 -191.5 6 1
907.5 -194.551825506 6 1
888.5 -195.134532117 6 1
868.5 -193.5 7 1
850.5 -200.072094941 7 1
832.5 -204.401444857 7 1
812.0 -212.0 8 1
796.0 -217.847195348 8 1
780.0 -226.00173015 8 1
763.5 -242.0 9 1
747.5 -247.575246857 9 1
731.5 -260.990191165 9 1
715.5 -277.5 10 1
702.5 -290.742926856 10 1
689.5 -306.610365107 10 1
675.5 -319.0 11 1
664.5 -342.081564422 11 1
653.5 -359.936574269 11 1
642.5 -380.0 12 1
632.5 -398.21758882 12 1
622.5 -418.517680321 12 1
610.0 -448.0 13 1
601.0 -467.077753834 13 1
592.0 -489.524897106 13 1