21.6081817664 48.3361259541
23.6119501893 52.8184282562
21.6720030604 48.4788901228
22.1562296201 49.5620740868
20.9916884042 46.9570695797
20.407611553 45.6505268751
24.3686951375 54.5112184931
21.0019951223 46.9801250515
23.2869212898 52.0913593155
22.0565076583 49.3390024115
22.6327468232 50.6280127111
21.0827509549 47.1607707041
22.8819395873 51.1854410485
23.2878621746 52.093464015
19.5522656655 43.737172619
23.0277401095 51.5115875276
20.8816139206 46.7108399727
22.5298796485 50.3979053951
19.3723118357 43.3346273664
22.3500562135 49.9956518276
18.3749892824 41.1036803541
20.1957510765 45.1766084868
19.3581669683 43.3029861992
19.2977863292 43.1679185564
20.339797738 45.4988316913
17.7316643768 39.6646035266
20.692504792 46.2878149003
17.4110533873 38.9474171691
19.1880426405 42.9224289167
16.5602785571 37.0442880769
15.5021493803 34.6773205218
18.5584988656 41.5141796003
16.9100452266 37.8266938329
15.8673777402 35.4943130943
18.2464638553 40.816177162
16.5274966778 36.9709571014
13.3050821674 29.7626211416
16.4151385207 36.7196190622
16.0226217957 35.8415841557
15.3014204433 34.2283026782
14.5995211224 32.6581986153
15.1083761244 33.7964748357
13.6791246464 30.599330337
16.2874583164 36.4340065798
14.7761722887 33.0533560199
15.0087793438 33.5736831828
17.0463323041 38.1315593425
14.8311251991 33.1762821793
14.9590143508 33.462362064
13.2433171696 29.6244567767
15.9838683397 35.7548951437
12.5763866936 28.132575792
