1264.0 -265.0 1 1
1260.0 -265.0 2 2
1255.5 -266.5 4 3
1232.5 -266.5 12 4
1231.0 -268.0 13 5
1269.5 -508.0 15 6
1229.5 -383.0 16 7
1269.5 -505.0 17 8
1227.5 -376.0 17 9
1222.0 -282.5 17 10
1220.5 -377.5 18 11
1222.0 -273.5 18 12
1220.0 -383.5 19 13
1269.0 -318.0 19 14
1268.0 -322.5 20 15
1218.5 -396.0 21 16
1266.5 -320.0 21 17
1261.5 -502.0 22 18
1270.5 -395.5 22 19
1265.0 -323.0 22 20
1252.5 -499.0 23 21
1210.5 -291.5 23 22
1264.5 -505.0 24 23
1262.5 -326.5 24 24
1268.0 -498.5 25 25
1266.5 -384.5 25 26
1255.0 -324.5 25 27
1206.0 -293.5 25 28
1264.0 -505.0 26 29
1240.0 -484.0 26 30
1254.0 -329.0 26 31
1265.5 -498.5 27 32
1224.0 -399.5 27 33
1248.5 -326.5 27 34
1207.0 -307.5 27 35
1265.5 -498.5 28 36
1237.5 -489.5 28 37
1210.0 -394.0 28 38
1196.5 -298.5 28 39
1259.0 -495.5 29 40
1211.0 -403.0 29 41
1259.0 -488.5 30 42
1249.0 -483.5 31 43
1196.0 -399.0 31 44
1161.0 -307.0 31 45
1198.5 -311.5 31 46
1243.0 -470.0 32 47
1189.0 -400.5 32 48
1158.5 -308.5 32 49
1183.0 -302.0 32 50
1166.0 -306.5 33 51
1225.0 -465.0 34 52
1218.5 -351.0 34 53
1163.0 -306.0 34 54
1211.0 -349.0 35 55
1201.5 -345.0 36 56
1186.0 -475.0 37 57
1172.0 -447.0 37 58
1191.0 -342.0 37 59
1182.5 -340.0 38 60
1140.5 -464.5 39 61
1230.0 -437.5 39 62
1093.0 -326.5 39 63
1122.0 -301.0 39 64
1227.0 -429.0 40 65
1110.5 -291.0 40 66
1225.0 -420.5 41 67
1091.5 -460.0 42 68
1111.5 -300.0 42 69
1095.0 -458.5 43 70
1110.0 -302.5 43 71
1090.5 -395.0 44 72
1091.0 -298.5 44 73
1159.0 -450.5 45 74
1141.0 -339.0 45 75
1097.0 -296.0 45 76
1099.0 -416.5 46 77
1161.5 -377.0 46 78
1145.5 -340.5 46 79
1093.0 -299.5 46 80
1096.5 -458.5 47 81
1062.0 -435.5 47 82
1106.5 -413.5 47 83
1160.5 -370.0 47 84
1139.0 -333.5 47 85
1080.5 -296.5 47 86
1096.0 -467.0 48 87
1009.5 -411.5 48 88
1162.0 -360.5 48 89
1084.5 -300.0 48 90
1091.5 -465.5 49 91
956.5 -391.5 49 92
1160.0 -349.5 49 93
1128.0 -325.0 49 94
1085.0 -461.0 50 95
911.5 -370.0 50 96
1163.5 -347.5 50 97
1126.0 -324.5 50 98
1090.5 -291.5 50 99
1080.5 -459.5 51 100
872.5 -355.0 51 101
836.0 -338.0 52 102
1088.0 -390.0 53 103
804.0 -328.0 53 104
1001.0 -383.5 54 105
774.0 -318.5 54 106
999.0 -388.0 55 107
746.0 -311.0 55 108
999.5 -393.0 56 109
1092.5 -385.0 56 110
993.0 -346.0 56 111
1046.0 -357.0 56 112
721.5 -305.0 56 113
1058.5 -296.0 56 114
1077.5 -385.0 57 115
1142.0 -361.5 57 116
1107.5 -331.0 57 117
1038.5 -339.0 57 118
696.0 -300.5 57 119
1058.5 -290.5 57 120
1075.5 -390.0 58 121
1136.5 -363.5 58 122
1104.0 -330.0 58 123
675.0 -296.0 58 124
1058.0 -291.5 58 125
1077.0 -381.0 59 126
653.5 -292.0 59 127
1051.5 -291.5 59 128
1014.0 -404.0 60 129
1085.0 -380.0 60 130
1112.5 -352.0 60 131
1035.5 -327.5 60 132
633.5 -291.0 60 133
1021.0 -408.5 61 134
615.5 -289.5 61 135
1020.5 -403.5 62 136
598.0 -288.5 62 137
1026.5 -407.5 63 138
1088.5 -373.5 63 139
1089.0 -327.0 63 140
582.0 -289.0 63 141
1016.0 -404.0 64 142
1086.0 -377.0 64 143
1085.0 -327.5 64 144
566.5 -288.0 64 145
1019.5 -401.5 65 146
1084.5 -377.5 65 147
551.5 -290.5 65 148
1014.0 -401.5 66 149
1072.5 -381.5 66 150
537.0 -292.5 66 151
1044.5 -292.0 66 152
1083.0 -376.0 67 153
525.5 -293.5 67 154
1042.0 -291.0 67 155
1008.0 -395.5 68 156
1015.5 -350.0 68 157
511.0 -297.0 68 158
1039.0 -295.5 68 159
1000.5 -394.0 69 160
1062.0 -379.0 69 161
499.5 -300.5 69 162
1036.5 -297.0 69 163
998.5 -392.0 70 164
487.5 -303.5 70 165
993.0 -387.0 71 166
475.5 -307.0 71 167
1031.5 -294.5 71 168
992.0 -389.5 72 169
465.5 -311.5 72 170
985.5 -388.5 73 171
454.5 -316.0 73 172
983.0 -392.5 74 173
445.0 -319.5 74 174
981.5 -397.0 75 175
434.5 -324.0 75 176
426.0 -329.0 76 177
1008.0 -297.5 76 178
416.0 -334.0 77 179
1016.5 -296.5 77 180
407.0 -340.0 78 181
399.0 -345.0 79 182
1040.0 -333.5 79 183
1003.5 -289.0 79 184
976.0 -432.0 80 185
390.0 -349.5 80 186
382.5 -355.5 81 187
1045.5 -342.0 81 188
1002.0 -285.0 81 189
985.0 -440.0 82 190
374.0 -362.0 82 191
998.5 -290.0 82 192
985.5 -454.5 83 193
367.0 -368.0 83 194
1006.5 -285.0 83 195
998.5 -463.0 84 196
359.0 -374.0 84 197
1000.5 -291.0 84 198
1069.0 -465.0 85 199
352.0 -381.0 85 200
997.5 -291.0 85 201
1064.5 -459.0 86 202
345.0 -381.0 86 203
995.5 -289.5 86 204