0.0 -0.0 8.6
-0.05 2.48 8.27
7.0 2.4 7.14
7.22 0.0 7.56
0.0 0.0 0.0
0.03 0.83 1.65
0.07 1.22 2.45
0.12 1.5 3.05
0.17 1.71 3.54
0.22 1.87 3.96
0.26 1.99 4.32
0.31 2.09 4.65
0.35 2.16 4.95
0.4 2.2 5.22
0.44 2.23 5.48
0.49 2.23 5.72
0.53 2.22 5.95
0.58 2.2 6.16
0.62 2.16 6.37
0.66 2.1 6.56
0.71 2.03 6.75
0.75 1.95 6.94
0.79 1.86 7.11
0.82 1.75 7.29
0.86 1.64 7.45
0.89 1.51 7.61
0.92 1.37 7.77
0.95 1.23 7.91
0.97 1.07 8.06
0.99 0.91 8.19
1.01 0.74 8.32
1.02 0.56 8.44
1.04 0.37 8.56
1.05 0.18 8.66
1.06 -0.01 8.77
