107.187370065 239.771317928
51.8128904681 115.902134978
38.4738709986 86.0635982536
30.9878945929 69.3179459655
26.0660693982 58.3081365746
22.5570662586 50.4587201098
19.9330864502 44.5890444521
17.9144546206 40.0734936563
16.3374501269 36.545835075
15.1005838258 33.7790439601
14.1349227308 31.618921613
13.3925498889 29.9582808622
12.8353429011 28.7118443301
12.4328564705 27.8115078272
12.1576252588 27.1958331417
11.9853412785 26.8104448539
11.8942441937 26.606666479
11.8646992394 26.5405762987
11.8799271359 26.5746401328
11.9266510027 26.6791584461
11.9939778433 26.8297642991
12.0743825055 27.009624406
12.1625078968 27.2067552917
12.2551788292 27.4140542635
12.3504428979 27.6271539158
12.4471660303 27.8435174009
12.5449554614 28.062266128
12.6433715434 28.2824166334
12.7416783644 28.5023227289
12.8399157972 28.7220736072
