0.0 0.0 12.55
-0.07 1.77 13.08
6.22 2.12 17.62
5.71 0.0 15.24
0.0 0.0 0.0
0.11 0.06 0.33
0.22 0.1 0.69
0.32 0.16 1.04
0.41 0.2 1.41
0.51 0.25 1.77
0.61 0.29 2.14
0.71 0.34 2.49
0.82 0.38 2.86
0.91 0.42 3.2
1.0 0.46 3.56
1.1 0.49 3.92
1.2 0.53 4.29
1.29 0.56 4.63
1.38 0.6 4.98
1.48 0.62 5.31
1.58 0.65 5.66
1.66 0.67 5.98
1.76 0.7 6.32
1.86 0.72 6.64
1.96 0.74 6.98
2.05 0.76 7.3
2.15 0.76 7.63
2.24 0.78 7.94
2.34 0.78 8.25
2.43 0.8 8.56
2.53 0.81 8.88
2.63 0.8 9.17
2.73 0.8 9.47
2.84 0.8 9.72
2.94 0.79 9.97
3.05 0.79 10.22
3.16 0.78 10.47
3.26 0.77 10.72
3.37 0.76 10.98
3.47 0.74 11.26
3.58 0.72 11.55
3.67 0.7 11.82
3.77 0.7 12.11
3.87 0.65 12.36
3.98 0.62 12.63
4.08 0.59 12.89
4.19 0.54 13.15
4.29 0.52 13.43
4.4 0.48 13.71
4.5 0.44 13.95
4.6 0.41 14.2
4.71 0.36 14.45
4.82 0.31 14.72
4.92 0.26 14.96
5.03 0.21 15.22
5.14 0.15 15.46
5.25 0.1 15.71
5.36 0.07 15.94
