20.6462299735 46.1843010794
21.5005345298 48.0953259441
21.6508521921 48.4315769778
22.5053385729 50.3430085724
21.5374554887 48.1779157768
22.4422623061 50.2019109822
21.346868416 47.7515846377
22.4023863863 50.1127110901
20.6469574764 46.1859284571
21.7519567066 48.6577413355
21.4347500155 47.9481701767
22.2615216553 49.7976056613
20.3530712727 45.5285237429
21.2751639729 47.5911863666
20.0400234685 44.8282557492
21.09371757 47.1853023233
19.4544377744 43.5183378591
20.2604580439 45.3213538504
19.8825673845 44.4760365207
20.5917817542 46.0625038818
19.3538811557 43.2933991096
19.4414519364 43.4892893668
19.1580293845 42.8552911752
18.6097773815 41.6288863734
19.1855635192 42.9168832801
19.2683658729 43.1021068701
17.9009591814 40.0433052186
18.3346409948 41.0134238054
15.7080713832 35.1379549231
15.5228206355 34.7235608026
15.9366588326 35.649290484
15.7856280455 35.3114442353
15.9798658091 35.7459417376
16.2446361002 36.3382160105
17.288938416 38.6742537584
17.6506496509 39.4833787461
16.6410455312 37.2249586522
17.8751735705 39.9856244498
15.7995621132 35.3426138571
16.9272649152 37.8652131792
16.5709228397 37.0680986588
16.2497125964 36.3495718089
17.5940674734 39.35680802
17.2984599969 38.6955529282
15.3721310616 34.3864778263
16.0527199719 35.9089118583
15.9425507548 35.6624703387
16.8516007051 37.6959571617
15.8223639994 35.3936202239
16.3315177303 36.5325646817
15.7562368134 35.2456979216
16.0272861343 35.8520179841
14.7728404914 33.0459030016
